version: 1
creator: callgrind-3.11.0
pid: 24474
cmd:  ./b
part: 1


desc: I1 cache: 32768 B, 64 B, 8-way associative
desc: D1 cache: 32768 B, 64 B, 8-way associative
desc: LL cache: 3145728 B, 64 B, 12-way associative

desc: Timerange: Basic block 0 - 5432296
desc: Trigger: Program termination

positions: line
events: Ir Dr Dw I1mr D1mr D1mw ILmr DLmr DLmw
summary: 69762271 29230255 6608416 1023 7381 2868 1010 1942 2505


ob=(1) /lib/x86_64-linux-gnu/ld-2.23.so
fl=(18) /build/glibc-bfm8X4/glibc-2.23/string/../sysdeps/x86_64/multiarch/../memcpy.S
fn=(46) memcpy
61 14 0 0 1 0 0 1
+2 14
+2 14
+3 12
+1 12
+2 3 3
+1 3 0 3 0 0 2 0 0 2
+2 3
+1 3
+5 3
+1 3
-1 9
+1 9
+2 4 4
+1 4 0 4 0 0 1 0 0 1
+2 4
+1 8
+5 4
+1 4
-1 8 0 0 1 0 0 1
+1 8
+2 3 3
+1 3 0 3
+2 3
+1 3
+5 3
+1 3
-1 9
+1 9
+2 7 7
+1 7 0 7
+2 7
+1 7
+5 7
+1 7
-1 5
+1 10
+5 5 5
+1 5 5
+1 5 0 5
+1 5 0 5 0 0 1 0 0 1
+2 5
+2 5
+1 5
+2 5
+8 12 12 0 1 0 0 1
+8 6 0 6
+6 6
+2 6
+1 6
+3 2
+1 6
+5 2 2 0 1 0 0 1
+1 2 0 2 0 0 1 0 0 1
+2 2
+2 2
+1 2
+2 2
-8 7 7
+1 7 0 7
+2 7
+2 7
+1 7
+2 11
+9 2
+1 2
-1 4
+1 4
+3 6
+1 6
+1 6
+5 5
+2 5 5
+1 5 5
+1 5 5
+1 5 5 0 1 0 0 1
+2 5 0 5 0 0 1 0 0 1
+1 5 0 5
+1 5 0 5
+1 5 0 5 0 0 2 0 0 2
+2 5
+1 5
+2 5
+22 6 0 0 1 0 0 1
+6 6 6
+1 6
+2 2 2

fl=(14) /build/glibc-bfm8X4/glibc-2.23/string/../sysdeps/x86_64/multiarch/../memcmp.S
fn=(30) bcmp
24 13 0 0 1 0 0 1
+1 13
+1 13
+1 13
+1 13
+1 13
+1 13
+1 13 0 0 1 0 0 1
+3 13
+1 13
+1 5 5 0 0 1 0 0 1
+1 5 5 0 0 3 0 0 3
+1 5
+1 5
+1 5
+1 5
+1 5
+2 12
+1 12
+1 4 4
+1 4 4
+1 4
+1 4
+1 4
+1 4
+1 4
+2 12 0 0 1 0 0 1
+1 12
+1 5 5 0 0 1 0 0 1
+1 5 5 0 0 1 0 0 1
+1 5
+1 5
+1 2
+1 2
+1 2
+2 9
+1 9
+1 5 5
+1 5 5 0 0 2 0 0 2
+1 5
+1 5
+5 4 4 0 0 2 0 0 2
+1 4 4
+1 4
+1 4
+1 4
+1 4
+1 4
+1 2
+1 2
+1 2 2
+1 2 2
+1 2
+7 2
+2 3 3
+4 8 0 0 1 0 0 1
+1 8
+1 1
+1 1
+1 1
+1 1
+1 1
+1 1
+1 1
+1 1
+1 1
+1 1
+1 1 1
+4 9 0 0 1 0 0 1
+1 9 9

fl=(26) /build/glibc-bfm8X4/glibc-2.23/misc/../sysdeps/unix/sysv/linux/wordsize-64/mmap.c
fn=(72) mmap
33 9 0 0 1 0 0 1
-1 90 0 54 0 0 1 0 0 1
+1 23
+1 90
+2 63 63
-3 20 2 0 1 0 0 1

fl=(45) /build/glibc-bfm8X4/glibc-2.23/elf/dl-reloc.c
fn=(166) _dl_relocate_object
149 40 0 24 2 0 0 2
+15 4
-15 8 0 8
+15 4
+1 24 4 4 0 1
+6 8 4 0 1 0 0 1
+6 12 4
-18 8
+22 8 4
+7 4 4
-32 4 0 4
+32 4
+44 4 4 0 1 0 0 1
fi=(5) /build/glibc-bfm8X4/glibc-2.23/elf/../sysdeps/x86_64/dl-machine.h
76 12 4
fe=(45)
232 8 4 4
fi=(5)
76 12
+6 6 6 0 0 2
+4 9 3 0 0 3 0 0 2
+14 3 3
-8 3 0 3 1 0 0 1
+10 3 3
-2 6
+20 6
+9 3 1 0 0 1
fe=(45)
258 164 43 52 3 10 0 3
-98 18 0 9
fi=(5)
301 24 0 12 1 0 0 1
fe=(45)
-43 3 3
fi=(4) /build/glibc-bfm8X4/glibc-2.23/elf/do-rel.h
58 3 3
-10 3 3
-1 6 3
+11 3 0 0 1 0 0 1
-11 3 0 3
+11 3
fe=(45)
258 1
-98 6 0 3
fi=(5)
301 8 0 4
fe=(45)
-43 1 1
fi=(4)
58 1 1
-10 1 1
-1 2 1
+11 1
-11 1 0 1
+11 1
fe=(45)
258 4 4 0 0 1
fi=(4)
58 4 4
-10 4 4
-1 8 4
+11 4
-11 4 0 4
+11 4
+3 15
fi=(5)
528 20 10
+4 20
+2 30 10
+1 10 0 10 0 0 2 0 0 1
fi=(4)
61 51
+2 72 18 0 1 6 0 1 6
+2 26
-4 3
+13 6
+1 5 1 0 1 0 0 1
+1 16 8
fi=(5)
528 8 8
+26 8 8
fi=(4)
75 8
fi=(5)
554 16 8 8
cob=(3) /lib/x86_64-linux-gnu/libc-2.23.so
cfi=(53) ???
cfn=(198) memcpy@GLIBC_2.2.5
calls=1 0 
* 11 3 0 2 0 0 2
cob=(3)
cfi=(52) /build/glibc-bfm8X4/glibc-2.23/time/../sysdeps/unix/sysv/linux/x86/gettimeofday.c
cfn=(194) gettimeofday
calls=1 37 
* 66 8 5 3 0 0 3
cob=(3)
cfi=(51) /build/glibc-bfm8X4/glibc-2.23/string/../sysdeps/x86_64/multiarch/strspn.S
cfn=(192) strspn
calls=1 30 
* 6 3 0 1 0 0 1
cob=(3)
cfi=(50) /build/glibc-bfm8X4/glibc-2.23/string/../sysdeps/x86_64/multiarch/strcspn.S
cfn=(190) strpbrk
calls=1 45 
* 6 3 0 2 0 0 2
cob=(3)
cfi=(46) /build/glibc-bfm8X4/glibc-2.23/string/../sysdeps/x86_64/multiarch/strcmp.S
cfn=(188) strncasecmp
calls=1 129 
* 5 3 0 3 0 0 3
cob=(3)
cfi=(50)
cfn=(186) strcspn
calls=1 45 
* 6 3 0 1 1 0 1
cob=(3)
cfi=(47) /build/glibc-bfm8X4/glibc-2.23/time/../sysdeps/unix/sysv/linux/x86/time.c
cfn=(180) time
calls=1 38 
* 66 8 5 5 2 0 5 1
cob=(3)
cfi=(46)
cfn=(178) strcasecmp
calls=1 109 
* 5 3 0 2 1 0 2
fi=(4)
75 8
fi=(5)
555 8 0 8
fi=(4)
75 11 1 1
fe=(45)
258 2 1
fi=(4)
75 14 7 7 1 0 0 1
fe=(45)
258 14 7
+3 16 4
+24 4 0 4
+3 8 4
+17 12 4 0 0 3
+2 32 28 0 0 1
fi=(4)
84 5 5 0 1 0 0 1
-1 5 5
+3 10 5
-3 5 0 5
+3 5 0 0 1 0 0 1
+12 15
+10 6
+3 8
fi=(5)
512 2 2 0 0 1 0 0 1
fi=(4)
112 4 2
fi=(5)
512 1194 1190 0 0 297 0 0 297
fi=(4)
112 2380 1190
fi=(5)
512 2380
+5 2384
+1 2384 1192 0 0 150 0 0 150
fi=(4)
111 2384 0 0 1 0 0 1
fi=(5)
518 1192 0 1192 0 0 224 0 0 222
fi=(4)
111 1192
+7 15 5 0 0 4
+6 4 4 0 0 1
-3 8 4 4 0 3
+3 10 0 3 1 0 1 1
fi=(5)
447 9 0 3
fi=(4)
127 368 92 0 0 25 0 0 22
+9 184 92
+3 92
-3 92
+3 92 92
fi=(5)
269 92
fi=(4)
138 92 92 0 1 1 0 1
-2 92 92 0 0 46 0 0 43
+1 368 92 92
fi=(5)
269 92
+21 184
+4 184
+7 1755 170 0 2 75 0 2 69
fi=(4)
137 75
fi=(5)
301 150 0 75
fi=(4)
137 75
fi=(5)
301 75 0 75
fi=(4)
137 75
fi=(5)
301 1200 375 375 1 3 2 1
cfi=(6) /build/glibc-bfm8X4/glibc-2.23/elf/dl-lookup.c
cfn=(172) _dl_lookup_symbol_x
calls=75 806 
* 41832 12301 5405 37 276 10 37 223 1
* 600 375 150 1 0 0 1
+2 234
+3 90 90
-3 180 180 0 0 2
+3 270
+6 552 92 0 0 2 0 0 2
fe=(45)
178 8 4 0 1 3 0 1
fi=(5)
435 234 78 78 1 9 9 1 9 5
fi=(4)
124 282 95
+19 6
fi=(5)
301 54 0 0 2 0 0 2
fi=(4)
108 3 1 0 1 1 0 1 1
fi=(5)
407 42 14 0 1 0 0 1
+4 70 14 0 0 1
+14 70 28 14 0 1 7 0 1 7
fe=(45)
313 20 12 4 2 0 0 2
+3 4
-3 8
+3 4
+4 8
+1 16 0 4
cfi=(39) /build/glibc-bfm8X4/glibc-2.23/misc/../sysdeps/unix/syscall-template.S
cfn=(126) mprotect
calls=4 84 
* 20 4
* 12 4 0 1 0 0 1
fi=(5)
123 15 0 3 1 0 0 1
+6 12 3 0 0 2
fe=(45)
258 3 0 1
fi=(4)
129 8
fi=(5)
301 87 9 6 4 0 0 4
fi=(4)
160 7 1 3 2 0 0 2
+2 20 5 0 0 2 0 0 2
+8 10 5
+1 5 5
-1 5
+1 5 5
fi=(5)
+98 5
fi=(4)
-99 15 0 5 1 0 0 1
fi=(5)
+99 5
+21 10
+4 10
+7 180 30 30 3 4 0 3 3
cfi=(6)
cfn=(172)
calls=5 806 
* 2409 652 295 1 6 0 1 6
* 35 20 10 0 0 1
+2 15
+3 1 1
-3 2 2
+3 3 0 0 1 0 0 1
+6 30 5 0 0 1 0 0 1
435 15 5 5 0 0 1 0 0 1
fi=(4)
160 17 7 0 1 0 0 1
+14 2
fi=(5)
301 6 0 0 1 0 0 1
fe=(45)

fl=(39)
fn=(126)
84 24 0 0 1 0 0 1
+1 6 6

fn=(208) munmap
84 4 0 0 1 0 0 1
+1 1 1

fl=(19) /build/glibc-bfm8X4/glibc-2.23/string/../sysdeps/x86_64/multiarch/../strcmp.S
fn=(54) strcmp
144 177 0 0 1 0 0 1
+1 177
+2 177
+1 177
+21 177
+1 177
+1 140
+1 140
+1 137 137 0 0 14 0 0 10
+1 137 137 0 0 8
+1 137 137
+1 137 137
+21 137
+1 137
+1 137
+1 137
+1 137
+1 137
+1 137
+5 5
+1 5
+9 5
+1 5
+1 5
+1 5
+1 5
+1 5
+1 5
+1 5
-7 40 0 0 1 0 0 1
+1 40
+1 40
+1 40
+1 40
+1 40
+1 40
+1 40
+1 44
+1 37
+1 37
+1 37
+2 37
+1 37
+1 37
+1 37 37 0 0 3
+1 37
+1 37
-5 7
+1 7
+1 7 0 0 1 0 0 1
+1 7 7 0 0 1 0 0 1
+1 7
+1 7
+10 1 1
+1 1
+1 1
+2 1 1
+6 1
+1 1
+1 1
+1 1
+1 1
+5 1
1196 4 0 0 1 0 0 1
+1 4 4
+1 4 4
+1 4
+1 4 0 0 1 0 0 1
+2 4
+1 4
+1 4
+1 4
+1 4
+1 4
+1 4
1321 18 0 0 2 0 0 1
+1 18 18 0 0 1
+1 18 18 0 0 1
+1 18
+1 18 0 0 1 0 0 1
+2 18
+1 18
+1 18
+1 18
+1 18
+1 18
+1 18
1571 2 0 0 1 0 0 1
+1 2 2
+1 2 2
+1 2
+1 2 0 0 1 0 0 1
+2 2
+1 2
+1 2
+1 2
+1 2
+1 2
+1 2
1696 1 0 0 1 0 0 1
+1 1 1
+1 1 1 0 0 1 0 0 1
+1 1
+1 1 0 0 1 0 0 1
+2 1
+1 1
+1 1
+1 1
+1 1
+1 1
+1 1
1821 3 0 0 1 0 0 1
+1 3 3
+1 3 3 0 0 1
+1 3
+1 3 0 0 1 0 0 1
+2 3
+1 3
+1 3
+1 3
+1 3
+1 3
+1 3
+1 3 3
+4 3
+1 3
+1 3
+6 3
+1 3
+1 6 0 0 1 0 0 1
+4 3
+1 3
+3 3 3
+1 3 3 0 0 1 0 0 1
+1 3
+3 3
+1 3
+1 3
+6 3
+1 3
+1 3 0 0 1 0 0 1
+1 3
+1 3
+1 3
+72 1 0 0 1 0 0 1
+1 1 1
+1 1 1
+1 1
+1 1 0 0 1 0 0 1
+2 1
+1 1
+1 1
+1 1
+1 1
+1 1
+1 1
+1 1 1
+4 1
+1 1
+1 1
+6 1
+1 1
+1 2 0 0 1 0 0 1
+4 1
+1 1
+3 1 1
+1 1 1 0 0 1 0 0 1
+1 1
+3 1
+1 1
+1 1
+6 1
+1 1
+1 1 0 0 1 0 0 1
+1 1
+1 1
+1 1
+72 15 0 0 1 0 0 1
+1 15 15 0 0 2
+1 15 15 0 0 1
+1 15
+1 15 0 0 1 0 0 1
+2 15
+1 15
+1 15
+1 15
+1 15
+1 15
+1 15
+2 1 1
+4 1
+1 1
+1 1
+6 1
+1 1
+2 2 0 0 1 0 0 1
+4 1
+1 1
+3 1 1 0 0 1 0 0 1
+1 1 1
+1 1
+3 1
+1 1
+1 1
+6 1
+1 1
+1 1 0 0 1 0 0 1
+1 1
+1 1
+1 1
+74 5
+2 5
+1 5
+1 5
+1 5
-3 40 0 0 1 0 0 1
+1 40
+1 40
+1 40 0 0 1 0 0 1
+1 111
+5 37
+6 37 37
+1 37 37
+8 37
+1 37 37
-16 140
+6 140 140
+1 140 140
+8 140
+1 140 140

fl=(25) /build/glibc-bfm8X4/glibc-2.23/string/../sysdeps/x86_64/memcpy.S
fn=(70) mempcpy
61 17 0 0 1 0 0 1
+4 17
+3 16
+1 16
+2 7 7 0 0 2 0 0 2
+1 7 0 7 0 0 1 0 0 1
+2 7 0 0 1 0 0 1
+1 7
+5 7
+1 7
-1 9
+1 9
+2 10 10
+1 10 0 10 0 0 1 0 0 1
+2 10
+1 10
+5 10
+1 10
-1 6
+1 6
+2 5 5
+1 5 0 5
+2 5
+1 5
+5 5
+1 5
-1 11
+1 11
+2 7 7
+1 7 0 7 0 0 1 0 0 1
+2 7
+1 14
+5 7
+1 7
-1 9 0 0 1 0 0 1
+1 11
+5 2 2
+1 2 2
+1 2 0 2 0 0 1 0 0 1
+1 2 0 2
+2 2
+2 2
+1 2
+2 2
+6 16
+4 16 16
+12 2
+2 2
+1 2
+26 2 0 0 1 0 0 1
+1 2
+3 2
+1 2
+1 2
+5 2
+2 2 2
+1 2 2
+1 2 2
+1 2 2 0 1 0 0 1
+2 2 0 2
+1 2 0 2 0 0 1 0 0 1
+1 2 0 2
+1 2 0 2 0 0 1 0 0 1
+2 2
+1 2
+2 2
+22 2 0 0 1 0 0 1
+2 2
+2 1
+7 1 1

fl=(103) /build/glibc-bfm8X4/glibc-2.23/elf/dl-fini.c
fn=(404) _dl_fini
130 8 0 6 2 0 0 2
+17 1 0 1
+3 15 2 2 0 1
+3 2 1 1 1 1 0 1
cfi=(2) /build/glibc-bfm8X4/glibc-2.23/elf/rtld.c
cfn=(50) rtld_lock_default_lock_recursive
calls=1 704 
* 2 1 1
+2 1 1 0 0 1
+3 2
+2 6 3 0 1 0 0 1
+8 1
-3 1 0 1
+3 8 0 1
+7 8 4 0 1 1 0 1
+2 8
+2 4
+1 4 0 4 0 0 3
+5 4 0 4 0 0 1
-6 4 0 4
-6 4 4 0 0 1
+8 4
-8 9
+14 9 1 1 1 0 0 1
+1 2 1
+4 1 1
31 1 0 1
+2 1 0 0 1 0 0 1
192 1 0 1
33 1
+6 1
-1 1
+2 1
-2 2 0 1
+1 8 0 1
+1 1 0 1
cfi=(27) /build/glibc-bfm8X4/glibc-2.23/string/../sysdeps/x86_64/multiarch/../memset.S
cfn=(74) memset
calls=1 +13 
* 15 1 2
* 1
+77 15 3 3
+3 16 4 2
cfi=(27)
cfn=(74)
calls=2 -67 
* 37 2 3
* 6 3 0 1 0 0 1
-76 9 3 3 1 0 0 1
+1 9 6
+4 12 6
+6 6 3
+1 6 3
+2 15 9 0 1 0 0 1
+1 7
+2 9 3 0 0 1
+1 6
201 3 2 1 1 0 0 1
cfi=(2)
cfn=(52) rtld_lock_default_unlock_recursive
calls=1 710 
* 2 1 1
+5 3 1
81 4 1 1
208 1 1 0 1 0 0 1
+2 3 1
-2 3 3
+2 9 3
+3 8 0 4
+3 12 4 0 0 3
+4 4 2
+9 2 2 0 0 1
+3 2 2 0 1 1 0 1
-3 2 2
+3 4 2
+2 8
+1 4 2 2 0 2
cob=(4) /usr/lib/valgrind/vgpreload_core-amd64-linux.so
cfi=(55) ???
cfn=(418) 0x0000000000000610
calls=1 0 
* 78 24 13 10 4 0 7
cob=(5) /home/tokomon/Documentos/AP/Lab1/b
cfi=(65) ???
cfn=(406) 0x0000000000400570
calls=1 0 
* 16 5 4 0 1 0 0 1
-1 8 2 0 0 2
+5 4
+1 6 4 2 1 2 0 1
cob=(2) ???
cfi=(16) ???
cfn=(438) 0x0000000004a287b8
calls=1 0 
* 3 1 0 2 0 0 2
cob=(2)
cfi=(16)
cfn=(416) 0x0000000000400a64
calls=1 0 
* 3 1
+6 24 8 0 0 1
+16 8 0 4
-56 11 6
+11 6 2 0 1 2 0 1
92 9 3 0 1 0 0 1
+21 3
-57 8 3 0 1 0 0 1
268 4 2 0 1 0 0 1
+2 1 0 1
-2 2
+6 2 1
+7 8 7

fl=(41) /build/glibc-bfm8X4/glibc-2.23/elf/dl-deps.c
fn=(136) openaux
60 4 0 2 1 0 0 1
+7 2 2
-4 22 10 2 1 0 0 1
cfi=(22) /build/glibc-bfm8X4/glibc-2.23/elf/dl-load.c
cfn=(106) _dl_map_object
calls=2 2167 
* 5370 989 642 72 44 68 72 44 68
* 2 0 2
+5 4 4

fn=(134) _dl_map_object_deps
161 1 0 0 1 0 0 1
-1 1 0 1
+1 1
-1 4 0 3
+1 1
-1 2 0 2
+1 1
-1 2 0 1
+1 1
-1 2 0 2
+1 3 0 0 1 0 0 1
-15 1
+15 1
-17 1 0 1
+1 1 0 1
+1 1 0 1
+6 4 1 1
+26 1
-26 1 0 1
+26 7 0 1 1 0 0 1
-34 1
+2 1
+33 2 1
-33 1
-2 1
+2 2
-2 1 0 1
+1 1 0 1 1 0 0 1
+1 1 0 1
+6 3 1
+26 1
-26 1 0 1
+26 5 1
+4 1
+21 1 0 1
+1 1 0 1
-22 2 0 2 1 0 0 1
+19 1 1
-12 1 0 1
+15 1 0 1
-16 2 0 2
+13 1 0 1
317 9 0 4 1 0 0 1
217 1 1
-4 1 0 1
-4 1 0 1 1 0 0 1
+8 4 3
-4 3 0 3
-4 3 0 3
+8 3
+12 8 4
+2 2 2
+11 2 2
-5 2 0 2
-6 4 2 2
+5 2 0 2
+2 4 2 2
+1 4 2 2 1 0 0 1
+3 14 4
+50 6 2
+1 3 0 1
-51 192 48
+1 96 0 0 1 0 0 1
+6 10 4 2 0 0 1 0 0 1
cfi=(28) /build/glibc-bfm8X4/glibc-2.23/string/../sysdeps/x86_64/multiarch/../strchr.S
cfn=(76) index
calls=2 24 
* 70 9 0 0 3 0 0 3
* 4
+5 10 8 0 1 0 0 1
-3 2 0 2
+3 2 0 2
cfi=(33) /build/glibc-bfm8X4/glibc-2.23/elf/dl-error.c
cfn=(98) _dl_catch_error
calls=2 -91 
* 5528 1039 704 74 44 71 74 44 71
+2 6 2
+15 2 2
+2 4 2
+5 2 0 0 1 0 0 1
+6 2 2
+2 2 0 2
-8 4
+3 2 0 2
+1 2 0 2
+1 2 0 2
+1 2 0 2
+4 12 2 4 1 0 0 1
+7 138
459 12 4 0 1 0 0 1
+2 6 0 2
+2 6 0 2 1 0 0 1
cfi=(17) /build/glibc-bfm8X4/glibc-2.23/elf/dl-minimal.c
cfn=(40) malloc
calls=2 94 
* 58 12 10
* 2 2
+2 2
-2 2
+2 2
+4 8 2
-1 2 0 2
+1 2 0 2
cfi=(18)
cfn=(46)
calls=2 61 
* 41 5 3
+1 10 0 2
cfi=(18)
cfn=(46)
calls=2 61 
* 41 5 3 0 0 1 0 0 1
+4 2 0 2
-1 2 0 2
+5 22 11 0 1 0 0 1
+7 6 2 0 1 0 0 1
+1 1 0 1
+3 5 2 1 1 0 0 1
+10 4 1 1
cfi=(17)
cfn=(40)
calls=1 94 
* 29 6 5
* 1 1
+3 1
-3 1
+3 1 0 0 1 0 0 1
+5 6 3
+1 1 0 1
-1 3 0 1
+1 2 1
+8 2 0 1 1 0 0 1
+4 3 2 1
-4 1
-6 3 1
-2 3 3
+8 6 0 3 0 0 1 0 0 1
+4 9 6 3
-4 3
-6 9 3
+13 3 1 1
+51 3 2 0 1 0 0 1
+2 3 1
+42 1 0 0 1 0 0 1
-4 1 0 1
+5 2
-1 4
+1 2 0 1
cfi=(27)
cfn=(74)
calls=1 53 
* 15 1 2
* 1 1
-2 9 0 1 1 0 0 1
+7 1
-1 1 1
+1 1 1
-1 2 0 1
+7 1 1
-7 1 0 1 1 0 0 1
+7 2
-13 2
+7 2
-1 2 2
+1 2 2
-1 4 0 2
+7 2 2
-7 2 0 2
+7 6
+2 8 4
+1 4
-1 4 2
+1 3
+2 9 3
+1 6 0 0 1 0 0 1
+28 18 2 6 1 0 0 1
cfi=(27)
cfn=(74)
calls=2 53 
* 37 2 3
* 10 4
-6 3 0 0 1 0 0 1
-28 6 0 0 1 0 0 1
+31 10 3
-6 2 1 0 1 0 0 1
+16 2 1 1 1 0 0 1
+2 1 1
+1 1 0 1
-1 1 0 1
+2 3 1
+7 3 1 0 1 0 0 1
+3 3 1
+3 8 7
481 9 3
-1 4 4 0 1 0 0 1
+1 9 1
202 2 0 1 1 0 0 1
+27 8 4
-19 4
+8 25 11 0 2 1 0 2 1
+2 2
+2 8 4 2
+2 30 2 6 1 0 0 1
338 6 0 3 1 0 0 1
611 8 1 2 1 0 0 1
cfi=(18)
cfn=(46)
calls=1 61 
* 28 6 5
+2 1
-38 1 0 1
+38 1
209 2 0 1 1 0 0 1

fl=(30) /build/glibc-bfm8X4/glibc-2.23/elf/dl-debug.c
fn=(92) _dl_debug_state
74 2 2

fn=(88) _dl_debug_initialize
50 8 0 0 1 0 0 1
+5 6
+5 2 0 0 1 0 0 1
-1 1 0 1
+1 2 1
+1 2 0 1
-1 1 0 1
+4 1 1
-13 4 4 0 1 0 0 1
+4 8 4
+4 1
-1 1 0 1
-58 4 3

fl=(27)
fn=(74)
53 13 0 0 1 0 0 1
+1 13
+1 13
+1 13
+1 13
+2 13
+1 13
+1 11
+1 11
+15 2 0 0 1 0 0 1
+1 2 0 2 0 0 1 0 0 1
+1 2
+1 2 0 2 0 0 2 0 0 2
+1 2 0 2
+1 2 0 2
+1 2 0 2 0 0 1 0 0 1
+1 2 0 2
+1 2 0 2
+1 2 0 2
+1 2
+1 2
+1 2
+1 4
+3 2 0 2
+1 2 0 2
+1 2 0 2
+1 2 0 2
+1 2
+1 2
+1 2
-6 34 0 34 0 0 33 0 0 33
+1 34 0 34
+1 34 0 34
+1 34 0 34
+1 34
+1 34
+1 34
+1 2 2
+3 11 0 0 1 0 0 1
+1 11
+1 11
+1 4
+1 4
+1 2
+1 2
+3 2
+1 2
+1 2 0 2
+1 2 2
+2 2 0 2
+1 2 0 2
+1 2 2
+2 7 0 7 0 0 1 0 0 1
+1 7 0 7 0 0 1 0 0 1
+1 7 7

fl=(21) /build/glibc-bfm8X4/glibc-2.23/posix/../sysdeps/unix/syscall-template.S
fn=(62) uname
84 4 0 0 1 0 0 1
+1 1 1

fl=(23) /build/glibc-bfm8X4/glibc-2.23/elf/dl-hwcaps.c
fn=(66) _dl_important_hwcaps
39 6 0 5 1 0 0 1
+3 1
-3 2 0 1 0 0 1 0 0 1
+3 1
-1 1 1
+1 1
+9 1 1
-12 4 0 4 0 0 1 0 0 1
+12 2
+10 4 1 1 1 0 0 1
162 2 0 0 1 0 0 1
-47 3 0 1 1 0 0 1
cfi=(24) /build/glibc-bfm8X4/glibc-2.23/io/../sysdeps/unix/syscall-template.S
cfn=(68) access
calls=1 -31 
* 9 1 1 1 0 0 1
* 2
+55 3 1 0 1 0 0 1
+2 2 1 1
+1 5 1 1
+4 2 1 0 1 0 0 1
+4 1
-4 1 0 1
+1 1 0 1
+3 1
+3 1
+1 1 1
-1 1
+4 3 1
+1 1
-1 9 1 2 1 0 0 1
+1 1
+18 10 2 4 1 0 0 1
+1 2
-1 1 0 1
+1 3 0 2
cfi=(17)
cfn=(40)
calls=1 94 
* 29 6 5 0 0 1 0 0 1
* 1 1
+1 1 0 0 1 0 0 1
-1 1 0 1
+1 5 4
+29 1
+3 1
-3 2 0 2 0 0 1 0 0 1
+3 1
+23 7 2 0 2 0 0 2
+6 2 0 1
-1 2
+1 6 0 3
-1 8 2
+5 6 0 0 1 0 0 1
+3 1
-3 1
+3 1
-3 3
+3 1
-3 1
+3 5
+1 12
+1 4 4
-1 4
+1 8 0 4
-2 4
+1 8
-1 14
+4 4 0 0 1 0 0 1
+4 1 1
-1 1 1
+2 1 1
-2 1
+1 1
+1 1
-2 1
+2 10 2 0 2 0 0 2
+13 2 1
+1 1
-1 1 0 1
+3 2
-3 2 1
+1 1
-1 1 0 1
+3 2
+3 4 3 1
+3 1
-1 1
+1 9 7 1 1 0 0 1
113 1 0 0 1 0 0 1
+17 1
+1 1
-1 9 0 1 1 0 0 1
243 6 3 3
cfi=(25)
cfn=(70)
calls=1 61 
* 22 3 2 3 1 1 3 1 1
* 4 0 1
cfi=(25)
cfn=(70)
calls=1 61 
* 18 2 1 0 1 0 0 1
+1 4 2 1 1 0 0 1
cfi=(25)
cfn=(70)
calls=1 61 
* 22 3 2
* 4 0 1
cfi=(25)
cfn=(70)
calls=1 61 
* 18 2 1
* 12 3 3

fl=(43) /build/glibc-bfm8X4/glibc-2.23/elf/dl-cache.c
fn=(206) _dl_unload_cache
322 4 1 0 1 1 0 1
-1 1
+3 2 1 1
cfi=(39)
cfn=(208)
calls=1 84 
* 5 1 0 1 0 0 1
+1 1 0 1
+2 2 1

fn=(142) _dl_load_cache_lookup
185 9 0 6 1 0 0 1
+8 2 1
+3 3 1
+51 2 0 0 1 0 0 1
+9 1
+6 2
-6 4 0 2
+6 1 0 1
cfi=(24)
cfn=(68)
calls=1 84 
* 9 1 1
+19 1 1
-19 1 0 1
+19 108 16 14 2 7 0 2 7
cfn=(146) _dl_cache_libcmp
calls=7 138 
* 528 81 0 4 7 0 4 7
* 36 4
-15 4 2 2 1 0 0 1
+15 23 5 2 1 1 0 1 1
cfn=(146)
calls=1 138 
* 71 11 0 0 1 0 0 1
* 5 0 2 1 0 0 1
cfn=(146)
calls=1 138 
* 144 21 0 0 1 0 0 1
* 9 3 1
-82 4 0 1 2 0 1 2 0 1
cfi=(35) /build/glibc-bfm8X4/glibc-2.23/elf/dl-misc.c
cfn=(144) _dl_sysdep_read_whole_file
calls=1 45 
* 94 16 15 3 0 0 3
+8 1
-8 1
+8 4 1
+1 4 0 1
cfi=(14)
cfn=(30)
calls=1 24 
* 38 7 0 0 2 0 0 2
* 2 0 0 1 0 0 1
+7 1 1
-3 1 0 1
+3 3
+3 1
+1 2
-1 1 0 1
+1 1
+1 4 0 1 1 0 0 1
cfi=(14)
cfn=(30)
calls=1 24 
* 32 5 0 0 1 0 0 1
* 2
+61 21 8 1 3 0 0 3
+16 2 1
+4 2 1
+8 3 1 1
cfi=(11) /build/glibc-bfm8X4/glibc-2.23/string/../sysdeps/x86_64/strlen.S
cfn=(22) strlen
calls=1 66 
* 34 5
* 2
+1 1
-1 4 0 0 1 0 0 1
+1 2 0 1
cfi=(18)
cfn=(46)
calls=1 61 
* 66 9 8
+1 2 0 1
cfi=(29) /build/glibc-bfm8X4/glibc-2.23/string/strdup.c
cfn=(82) strdup
calls=1 40 
* 109 20 14 0 0 1 0 0 1
+1 8 7
-31 9 3 1 1 0 0 1

fn=(146)
138 27 18 0 1 9 0 1 9
+1 22
+2 100
+2 50
-2 50
+2 4
+6 2 0 0 1 0 0 1
+2 2 2
-1 2
-1 2
+1 2
+1 8
+2 10 2 0 1 0 0 1
+2 4
+6 96 0 0 1 0 0 1
+2 178 82
+4 41
+1 41
-29 82
+32 6 2
-7 14 7

fl=(9) /build/glibc-bfm8X4/glibc-2.23/elf/../sysdeps/unix/sysv/linux/dl-sysdep.c
fn=(60) _dl_discover_osversion
45 7 0 6 2 0 0 2
+2 3 1
+85 8 7 0 1 0 0 1
-45 3 0 1 1 0 1 1 0 1
cfi=(21)
cfn=(62)
calls=1 -3 
* 5 1 0 1 0 0 1
* 1
+15 1
-15 1
+20 1
-1 1
+3 12 3 0 0 1 0 0 1
+4 3 3
-2 6 0 0 1 0 0 1
+2 10
+2 1
+1 2
-3 4 1
+7 3
-1 3
+4 3
-2 3
+2 10
+5 2 0 0 1 0 0 1

fl=(12) /build/glibc-bfm8X4/glibc-2.23/elf/../misc/sbrk.c
fn=(24) sbrk
34 4 0 2 1 0 1 1 0 1
+8 6 2 0 0 1 0 0 1
+4 2
+16 5 3 0 1 0 0 1

fl=(13) /build/glibc-bfm8X4/glibc-2.23/elf/dl-environ.c
fn=(28) _dl_next_ld_env_entry
30 3 3 0 1 0 0 1
+3 10 3
+13 63
-13 189 63
+2 130 65 0 0 31 0 0 31
+1 20 10
+5 2
-3 2
+3 2 0 2
+2 2 2
-12 1 0 0 1 0 0 1
+19 1 1

fl=(2)
fn=(52)
710 10 5 5 0 0 1

fn=(152) version_check_doit
529 2 0 1 1 0 0 1
+2 4 2 1 1
cfi=(44) /build/glibc-bfm8X4/glibc-2.23/elf/dl-version.c
cfn=(154) _dl_check_all_versions
calls=1 380 
* 2485 693 254 20 21 16 20 21 15
* 2
+4 2 2

fn=(26) dl_main
790 1 0 1 1 0 0 1
+19 1
-19 7 0 5
2390 1
790 3 0 0 1 0 0 1
+19 1 0 1
+3 1
-22 1 0 1 0 0 1 0 0 1
2385 1 0 1
812 1 0 1 0 0 1 0 0 1
+4 2 0 1 0 0 1 0 0 1
+1 2 0 1 1 0 0 1
+5 2 0 1
2383 2 1 1 0 0 1 0 0 1
+7 4 1
-4 1
+4 8 0 4 1 0 0 1
+2 2 1 1 0 0 1 0 0 1
cfi=(13)
cfn=(28)
calls=1 30 
* 72 26 1 1 3 0 1 3
* 4 2 2
cfi=(13)
cfn=(28)
calls=2 30 
* 353 121 1 1 28 0 1 28
* 9
+4 50 2 0 1 0 0 1
+1 19
-1 57 19
+3 4
+6 14 2 0 1 1 0 1 1
2553 3 1
+30 3 1
832 3 1 0 1 0 0 1
1033 7 0 1 1 0 0 1
cfi=(15) /build/glibc-bfm8X4/glibc-2.23/elf/dl-object.c
cfn=(32) _dl_new_object
calls=1 61 
* 250 30 52 23 4 12 22 4 12
+2 1
-2 1
+2 1
+1 1 0 1
+1 1 1
+5 2
-5 1 0 1 1 0 0 1
+1 2 1 1
+4 1 0 1
cfi=(15)
cfn=(48) _dl_add_to_namespace_list
calls=1 32 
* 33 9 10 3 0 1 3 0 1
+1 3 1
799 1
1072 1 1
-3 1 0 1
-5 1 0 1 0 0 1 0 0 1
+1 1 0 1 1 0 0 1
+2 1 0 1
+5 7
+56 5 1 0 1 0 0 1
-55 24
-1 27
+1 47 9 0 1 5 0 1 5
1175 5 3 0 1 1 0 1 1
+3 2
+2 2
+2 3 1 0 1 0 0 1
+13 3 1
+1 6 4 1
cfi=(19)
cfn=(54)
calls=1 144 
* 44 6 0 7 2 0 7 2
* 2
+7 1 0 1 1 0 1 1 0 1
+3 1 1
-5 1 0 1
+3 1 0 1
+2 1
+1 2 0 1
+4 2 1
+2 2 0 0 1 0 0 1
fi=(3) /build/glibc-bfm8X4/glibc-2.23/elf/get-dynamic-info.h
30 1 1
+9 2
+6 1 1 0 0 1 0 0 1
-2 1
+2 2
+15 1
+5 1
+3 1
+2 1
-3 1 0 0 1 0 0 1
-3 1
-3 14 0 3 0 0 2 0 0 2
+10 3
-26 9 3 0 0 1 0 0 1
+16 19 0 19 0 0 4 0 0 4
+10 19
-26 57 19 0 0 5 0 0 5
+26 1
-26 3 1
+2 46
+13 16
+2 4 0 0 1 0 0 1
+16 3 1
+38 3 1 0 1 0 0 1
+5 2 1
+7 2 1
+1 3 2 0 1 0 0 1
+16 3 1
+14 3 1 0 1 0 0 1
+18 2 1 0 1 0 0 1
fe=(2)
1218 2 0 1
cfi=(6)
cfn=(10) _dl_setup_hash
calls=1 956 
* 23 7 6 0 1 0 0 1
+3 2 1
fi=(20) /build/glibc-bfm8X4/glibc-2.23/elf/setup-vdso.h
24 2 1
fe=(2)
1243 1 0 1 1 0 0 1
cfi=(9)
cfn=(60)
calls=1 45 
* 93 16 7 7 1 1 7 1 1
* 8 1 1
-75 2 1 1 1 0 0 1
+1 2 1 1
+1 1
-6 2 1 1
+1 1
-88 3 1 1 1 0 0 1
+1 1
+50 2 2 0 1 1 0 1 1
-1 8 2
+2 4 2 0 1 0 0 1
+1 1 0 1
+3 2 1
+1 2 1
-1 2 1 0 0 1 0 0 1
+1 2 1
+1 2 0 2
+1 6 3
+1 2 0 1
-43 1 0 0 1 0 0 1
-2 2 2 0 0 1 0 0 1
+27 1
-25 2 0 1
+7 1 1
-10 1 0 1 0 0 1 0 0 1
+10 1
-19 3 2 1 1 0 0 1
+1 1
fi=(3)
65 4 0 0 1 0 0 1
+3 4 0 0 1 0 0 1
+2 4 0 1
fe=(2)
2480 1 1 0 1 0 0 1
+1 1
-1 2
+1 3 0 1 1 0 0 1
cfi=(14)
cfn=(30)
calls=1 24 
* 31 5 0 5 1 0 5 1
* 2
-55 4 0 1 1 0 0 1
cfi=(14)
cfn=(30)
calls=1 24 
* 18 3 0 0 1 0 0 1
* 2
+7 4 0 1 2 0 0 2
cfi=(14)
cfn=(30)
calls=1 24 
* 36 7 0 0 1 0 0 1
* 2
+2 3 0 1
+48 3 0 1 1 0 1 1 0 1
1248 2 1 1 1 0 0 1
cfi=(22)
cfn=(64) _dl_init_paths
calls=1 661 
* 1629 312 221 65 4 14 65 4 14
+3 3 1 1 1 0 0 1
cfi=(30)
cfn=(88)
calls=1 50 
* 17 4 4 3 0 0 3
+7 1 1
-7 1
+2 1 0 1
+5 1
+3 3 2 1
+1 1 1
+3 1 0 1
-3 3 0 1 1 0 0 1
+1 2 0 1
+3 1 0 1
+5 1 1
-7 1 0 1
+7 1
+1 5 1 1
+17 2 1 0 1 1 0 1 1
+1 2 1
+5 1 1
-3 4 1
+2 2 0 1 1 0 0 1
+1 3 0 1 0 0 1 0 0 1
+5 3
+1 5 1 0 0 1 0 0 1
+2 2 1 1 0 0 1 0 0 1
+1 2 1 1
+5 2 1 0 1 0 0 1
+5 1 1
805 1 0 1
1314 2
1491 1 0 1
cfi=(31) /build/glibc-bfm8X4/glibc-2.23/elf/dl-tls.c
cfn=(90) _dl_count_modids
calls=1 115 
* 4 3 0 1 0 0 1
* 1 0 1
+8 3 1 0 1 0 0 1
+3 1 0 1
+4 3 1
+5 1 0 1
+1 1 0 1
cfi=(30)
cfn=(92)
calls=1 74 
* 1 1
+1 1
+4 3 1
+15 3 2 0 1 0 0 1
+4 1 1
-2 1
+2 2
+2 3
+1 1
-1 2
+1 1 0 1
cfn=(94) handle_ld_preload
calls=1 757 
* 3021 582 319 102 19 37 102 19 37
* 1
+1 1
+2 6 1 1 1 0 0 1
+10 3 0 1
cfi=(24)
cfn=(68)
calls=1 84 
* 9 1 1
* 2
+77 1 1
-96 1
+96 3 1
+17 3 0 0 1 0 0 1
+1 1
-1 1
+1 2 1
-1 1
+1 5 0 1
cfi=(41)
cfn=(134)
calls=1 161 
* 6924 1303 868 112 48 74 112 48 74
+1 1
+2 2
+3 1 1
-3 3 1 0 1 0 0 1
+3 1
-3 1 0 1
+3 3 1
+1 4 1 1
-1 2
+1 12 3 3
-1 6
+4 3 2 1 1 0 0 1
+1 3 1
+1 1 0 1
+2 2
+1 6 2
-1 5 0 0 1 0 0 1
+1 5 2
-1 3
-3 1 0 0 1 0 0 1
+16 1 1
+1 2 1
-1 1 0 1 1 0 0 1
+1 1
+2 1
+2 3
+2 1 1
-4 1 0 1
+5 1 1
-1 2
+14 2 0 0 1 0 0 1
+1 2 0 1
+1 3 1
+11 1 1 0 1 0 0 1
+2 1
-2 1
+2 2
-1 1 0 1
+1 1
-2 3 0 1
+2 1 0 1
cfi=(33)
cfn=(150) _dl_receive_error
calls=1 205 
* 2525 708 268 24 21 16 23 21 15
+10 1 1
+1 1 1 0 1 0 0 1
-1 1 0 1
+1 1
+1 1 0 1
cfn=(160) init_tls
calls=1 589 
* 619 69 342 15 1 38 14 1 38
* 1 0 1
+2 2 1
719 1 1
+2 3 1 1
fi=(107) /build/glibc-bfm8X4/glibc-2.23/elf/../sysdeps/unix/sysv/linux/dl-osinfo.h
77 1 1
fe=(2)
730 1 0 1 1 0 0 1
+7 1 0 1
-5 1 0 1
1729 3 1
1959 3 1 0 0 1 0 0 1
2129 4 2 0 1 1 0 1
+2 1 0 1
+5 3 1 1 1 0 0 1
cfi=(31)
cfn=(202) _dl_allocate_tls_init
calls=1 450 
* 147 32 29 7 2 2 7 0 2
+3 2 1
+9 3 2
+2 2 1 0 1 0 0 1
+15 1
+2 1 0 1
-2 2
+3 1 1
-3 1
+3 1
-3 1
+3 3 0 1
cfi=(45)
cfn=(166)
calls=1 149 
* 3984 1201 549 3 33 2 3 9
+1 1
+2 6 1 1 1 0 0 1
+8 1 0 1
cfi=(7) /build/glibc-bfm8X4/glibc-2.23/elf/../elf/dl-sysdep.c
cfn=(204) _dl_sysdep_start_cleanup
calls=1 256 
* 1 1 0 1
+4 3 1
+20 3 0 1
cfi=(30)
cfn=(88)
calls=1 50 
* 8 3
+1 1 0 1
-1 1
+2 1 0 1
cfi=(30)
cfn=(92)
calls=1 74 
* 1 1
+1 1
+4 1 0 1 1 0 0 1
cfi=(43)
cfn=(206)
calls=1 322 
* 15 4 2 2 1 0 2
+5 8 7 0 0 2
2080 3 1 0 1 0 0 1
+7 1 0 1
+2 3
+19 1
-19 4 1 1 1 0 0 1
+2 1
+2 12 8 0 0 1
+5 8 8
+2 8
+6 4 0 4
+2 8
+1 24 6 3 0 2
cfi=(45)
cfn=(166)
calls=3 149 
* 65612 17831 7471 99 915 255 99 830 237
+4 14 5 0 0 2
-22 10 0 0 1 0 0 1
+25 1
+2 5 1 0 0 1
+6 1 1
-6 1 0 1
+6 1
-10 2 0 1
cfi=(31)
cfn=(200) _dl_add_to_slotinfo
calls=1 890 
* 20 8 5 3 2 1 3
* 1
-12 1 0 1 1 0 0 1
+1 1 1
-3 2
-85 1 0 0 1 0 0 1
+11 1 1
-7 1 1
-4 1 0 1
+4 3 1 2 1 0 0 1
+4 2 1 1
+3 1
1672 2 0 1 1 0 0 1
-39 5 0 0 1 0 0 1
+1 1
-1 3
+4 3 0 1
+1 1 1
+1 2
+1 2
1237 3 0 1 1 0 0 1

fn=(50)
704 10 5 5 1 0 2 1 0 1

fn=(2) _dl_start
353 9 0 6 2 0 0 2
+18 4
fi=(5)
59 1
fe=(2)
371 1 0 1 0 0 1 0 0 1
fi=(3)
45 1 1 0 0 1 0 0 1
fi=(5)
+14 2 1 0 0 1 0 0 1
fe=(2)
397 1 0 1 0 0 1 0 0 1
fi=(3)
45 1
fe=(2)
394 1 0 1
fi=(3)
45 1 0 0 1 0 0 1
+25 2
-3 1
-7 1
+5 1
+3 1
+2 1
-3 1
-3 1
-3 2 0 0 1 0 0 1
-13 26 0 13 0 0 4 0 0 4
+23 13
-26 39 13 0 0 4 0 0 4
+26 1
-26 3 1
+2 36
+13 20
+1 16 0 4 1 0 3 1 0 3
+10 4
-26 12 4 0 0 1 0 0 1
+33 2
+20 4 1 1
+1 4 1 1
+1 4 1 1 1 0 0 1
+1 4 1 1
+2 4 1 1
+5 4 1 1
+1 4 1 1 1 0 0 1
+1 4 1 1
+6 3 1
+5 2 1
+7 3 1
+1 3 2 0 1 0 0 1
+8 3 1
+2 3 1
+3 2 1 0 1 0 0 1
+1 2 1
fe=(2)
408 2
302 1
415 1 0 1 1 0 1 1 0 1
302 1 0 1 0 0 1 0 0 1
cfi=(6)
cfn=(10)
calls=1 956 
* 23 7 6 2 1 0 2 1
+1 2 0 1
+1 2 0 1 0 0 1 0 0 1
+1 2 0 1
+1 2 0 1 1 0 0 1
+8 1
+9 1
-9 3
+9 1
-6 1 0 1
-3 1 0 1 0 0 1 0 0 1
+9 1 0 1
cfi=(7)
cfn=(12) _dl_sysdep_start
calls=1 86 
* 87337 22678 10369 591 1139 478 585 1014 456
* 1 0 0 1
+9 1
+3 4 1 0 0 1
+4 1 1
-4 1 0 1
+4 1
440 9 7 0 0 1
fi=(3)
62 4 0 0 1 0 0 1
+3 4 0 0 1 0 0 1
fe=(2)
413 26 9 0 2 0 0 2
fi=(4)
84 1 1
+27 1
-28 1 1
+28 2
+1 2 1 0 0 1 0 0 1
fi=(5)
517 2 1
fi=(4)
112 18 9 0 0 1 0 0 1
fi=(5)
517 18 9 0 0 1 0 0 1
+1 20 10 0 1 2 0 1 2
fi=(4)
111 20
fi=(5)
518 10 0 10 0 0 2 0 0 2
fi=(4)
111 10
+5 2 1
+8 1
fi=(5)
312 1
fi=(4)
124 2
+12 1 1
+1 3 1 0 1 0 0 1
fi=(5)
266 1
fi=(4)
137 1
fi=(5)
294 1
fi=(4)
137 2
fi=(5)
294 1
fi=(4)
136 5 5 0 0 2 0 0 2
+1 15 5
fi=(5)
266 5
fi=(4)
137 5
fi=(5)
294 5
fi=(4)
137 10
fi=(5)
294 5
+9 12
+3 6 6 0 0 4 0 0 4
-3 12 12 0 0 2 0 0 2
+3 18
+6 36 6 0 0 1 0 0 1
fi=(3)
68 4 0 0 1 0 0 1
+2 3 0 1 0 0 1 0 0 1
fi=(5)
425 12 6 6 1 0 1 1 0 1
fi=(4)
124 19
fe=(2)

fn=(100) _dl_initial_error_catch_tsd
664 8 4

fn=(94)
757 7 0 6 1 0 0 1
+1 1
-1 1
-75 1
+86 1
-11 1 0 1 0 0 1 0 0 1
-75 6 0 3
+80 3 1 0 1 0 0 1
fi=(32) /build/glibc-bfm8X4/glibc-2.23/elf/../string/bits/string2.h
961 1
+1 145
+1 46
-2 46 46
+2 46
-2 139 1 0 1 0 0 1
+2 1
-2 3
fe=(2)
766 2
+10 4
108 3 1 0 1 0 0 1
779 2 1
677 1 1
+5 5 3
-10 1 0 1
+4 1 0 1
+1 1 0 1 1 0 0 1
+1 1 0 1
+2 1 1
+2 1 0 1
cfi=(33)
cfn=(98)
calls=1 163 
* 2434 503 289 92 19 33 92 19 33
+1 3 1
+13 3 1
+84 1
-18 3 1
+21 9 7 0 1 0 0 1
-15 4 0 1 1 0 1 1 0 1
cfi=(18)
cfn=(46)
calls=1 61 
* 90 14 13 3 0 2 3 0 2
* 1
+1 2 0 1

fn=(104) map_doit
496 1 0 1 1 0 0 1
+2 1 1
-2 1
+3 8 2 1
cfi=(22)
cfn=(106)
calls=1 2167 
* 2358 481 258 85 19 29 85 19 29
* 1 0 1
+2 2 2

fn=(160)
589 1 0 0 1 0 0 1
+6 1 1
-6 1 0 1
+2 2 1 1
+4 1
+10 4 0 1
cfi=(17)
cfn=(36) calloc
calls=1 103 
* 38 7 5
* 1 1
+11 1 1 0 0 1 0 0 1
-5 1
-7 1 0 1 1 0 0 1
+6 1
+2 1 0 1
-1 1 0 1
+5 1
+2 1 1
-1 1
+1 10 0 0 1 0 0 1
+2 8 4
+4 1
+2 1
-2 2 0 1 0 0 1 0 0 1
-5 8 4
+9 3
+3 1 0 1 1 0 0 1
cfi=(31)
cfn=(162) _dl_determine_tlsoffset
calls=1 138 
* 71 15 10 6 0 0 6
+7 1 0 1
cfi=(31)
cfn=(164) _dl_allocate_tls_storage
calls=1 354 
* 439 31 314 3 0 37 3 0 37
+1 1
-1 1
+1 1
+6 1 1
+3 1
-3 1 0 1 1 0 0 1
+3 6 0 2
+3 1 0 1 1
+2 1
+1 2 2

fl=(67) /build/glibc-bfm8X4/glibc-2.23/elf/../elf/dl-runtime.c
fn=(262) _dl_fixup
66 10 0 5 1 0 0 1
+5 10
-5 5
+3 10 10 0 1 4 0 1
+3 5 5 0 0 2
-1 10 5 0 0 3
-3 5 5
+5 30 10 0 0 4
+1 5 5 0 0 2
-1 5 0 5
+1 10 5
+5 10 0 0 1 0 0 1
+4 10 5 0 0 3 0 0 1
+4 15 5 0 0 2
+4 5 5 0 0 3
+1 25 10 0 0 4
+2 20 5 0 1 3 0 1
+7 10 5 0 0 1
-1 5
+1 5
+10 45 10 15 1 3 0 1
cfi=(6)
cfn=(172)
calls=5 806 
* 4031 1075 419 7 69 27 6 8
* 5
+4 25 15
+10 30 10
+16 5 5
-8 5 5
+8 15
+4 15 5 0 1 2 0 1
fi=(5)
+90 5 0 5
fe=(67)
-86 15 10

fl=(33)
fn=(98)
163 6 0 3 1 0 0 1
+15 3
-3 6 0 6 1 0 4 1 0 4
+1 6 0 6
-13 6 0 6
+14 6 0 6
+1 3 0 3
+2 3 3 3 0 0 2 0 0 2
cfi=(2)
cfn=(100)
calls=3 664 
* 6 3
+2 3
-1 3 3
+4 3
-3 6 0 6 1 0 0 1
+3 3
-4 3 0 3
+4 3 0 3
cfi=(34) /build/glibc-bfm8X4/glibc-2.23/setjmp/../sysdeps/x86_64/setjmp.S
cfn=(102) __sigsetjmp
calls=3 26 
* 60 15 24 2 0 1 2 0 1
* 9
+2 9 6 3
cfi=(41)
cfn=(136)
calls=2 60 
* 5404 1005 648 74 44 68 74 44 68
cfi=(2)
cfn=(104)
calls=1 496 
* 2372 486 261 86 19 29 86 19 29
+1 6 6
+2 3 3
+1 3 3
-3 3 0 3
+1 6 3 3 1 0 0 1
+1 3 0 3
+9 3
-8 3 0 3
+8 9 6

fn=(150)
205 10 0 6 1 0 0 1
+1 1 1 1
cfi=(2)
cfn=(100)
calls=1 664 
* 2 1
+5 1 1
-1 1 1
-4 1
+9 1 0 1
+2 1
-3 1 0 1
+3 1 0 1
cfi=(2)
cfn=(152)
calls=1 529 
* 2495 697 256 22 21 16 21 21 15
+2 1 0 1 1 0 0 1
+1 1 0 1
+1 8 7

fl=(6)
fn=(176) check_match
92 632 158 316 1 9 3 1 6
+3 553 158 0 1 7 0 1 7
+12 474 79 79 0 0 4
+3 376 30 15
cfi=(19)
cfn=(54)
calls=15 +34 
* 595 119 0 8 13 0 8 11
* 30
+5 79 0 0 1 0 0 1
-1 79 79 0 0 1
+1 79
+2 156
+19 156 156 0 0 5 0 0 1
+1 624 234 0 1 4 0 1
+46 79
-7 79
+7 395 395
-18 2
+2 1 1
+1 4 0 0 1 0 0 1
-1 5 1
-29 234 156 78 1 0 0 1
cfi=(19)
cfn=(54)
calls=78 +6 
* 1872 546 0 0 4
* 234

fn=(174) do_lookup_x
355 595 0 510 2 0 3 2
+1 85 85 0 0 3
-1 425 85 340 0 0 9
+48 85
-30 85 85
-11 85 85
+41 85
+7 170 85 85
-7 170 0 85 1 0 0 1
-30 340 0 170
+37 340 0 85
-44 170 170 0 0 6
+3 170 0 0 1 0 0 1
-3 364 364 0 0 10
+3 364
+4 534
+4 534 267 0 0 8
+4 534 267 0 0 3
+6 801 267 0 0 5
+8 267 267 0 0 8
-4 267 0 267 1 0 0 1
+1 267 0 267
+3 534 267 267 0 8
+1 801 534 267 0 1
+3 267 267
+1 534
+2 534 534 0 1 0 0 1
+8 267 267
-8 267 267 0 0 39 0 0 32
+8 2670 534
-99 188
553 1348 512 0 1 2 0 1
+1 46 0 23
cfi=(35)
cfn=(108) _dl_name_match_p
calls=23 288 
* 2157 465 92 1 20 2
* 69
+3 564
+3 6
+1 680 595 0 1 0 0 1
-92 158 79 0 1 0 0 1
+50 592 79
+4 30 10 0 0 1
+12 158 79 79 1 0 0 1
+1 79 0 79
+1 158
413 498 249 0 2 45 0 2 43
+2 166
+2 1079 332 415 1 0 0 1
+13 249
-10 810 162 0 0 59 0 0 57
+2 158 79 0 1 0 0 1
+1 395 158 316 0 0 1 0 0 1
-1 79
+1 553 316 79
-1 79
+1 237 79 79 1 0 1 1
cfn=(176)
calls=79 92 
* 6738 2112 488 14 43 7 14 25
+4 237
+34 8 4 0 1 0 0 1
+94 28 20 0 2 0 0 2
439 711 395 0 2 0 0 2

fn=(10)
956 12 4 0 1 0 0 1
+4 4 4
+4 8 4 4 0 4 0 0 4
+2 4 4 0 0 1 0 0 1
-1 4 4
+3 12
+1 4 0 4
+1 4 0 0 1 0 0 1
+3 4
-3 4 4
+7 4
-4 4
-1 4 0 4
+3 4 0 4
+2 4
-7 4 0 4
+7 4 0 4
+1 4 4

fn=(172)
806 935 0 510 1 0 2 1
568 85 85 0 0 69 0 0 65
806 340 85 255 1 0 6 1
568 425
+1 85
-1 85
+1 255
-1 255 85 0 0 1 0 0 1
+1 1087
-1 1087
+1 3261
-1 3431 1087 85 1 15 0 1 14
808 85
+4 85 0 85 0 0 3
+4 85
-8 85 0 85
+1 170 0 170
+7 241 78
+7 85 85 0 1 0 0 1
-2 85
+2 85 85 0 0 1
-2 85
+6 85
-7 85 0 85
+7 170
-7 510 170 170 1 0 0 1
+15 6
-8 30 6
+2 1190 595 595 1 0 3 1
cfn=(174)
calls=85 355 
* 30869 10422 3993 35 261 23 34 157 1
+3 255
+26 170 85
+22 79 79
+1 553 158 0 1 0 0 1
+31 79
+9 395 79
+14 237 79 0 0 4
+3 316 158 0 1 0 0 1
+5 79 0 79
+2 680 595
-85 42 12 0 1 0 0 1
+16 6 0 6
+1 12
+59 2 0 1 1 0 0 1

fl=(42) /build/glibc-bfm8X4/glibc-2.23/io/../sysdeps/unix/sysv/linux/wordsize-64/xstat.c
fn=(140) _xstat
34 4 0 0 1 0 0 1
-1 4
+1 4
+1 24
+4 1 1
-4 12 3 3

fl=(54) /build/glibc-bfm8X4/glibc-2.23/elf/dl-init.c
fn=(212) _dl_init
80 11 0 6 1 0 0 1
+1 1 1 0 0 1
+1 1 1
+3 3 1
+8 2
+1 2 1 0 1 0 0 1
+25 15
+1 12 8
-90 20 4 3
cfn=(214) call_init.part.0
calls=3 -2 
* 1450 196 104 38 17 5 38 6 5
* 3
+96 8 7
-96 2 1 0 1 0 0 1
+58 2 0 1
+16 1 0 1 1 0 0 1
cfn=(214)
calls=1 -76 
* 76 24 9 8 4 0 7
* 1

fn=(214)
28 20 0 20
+8 4 4
+3 4 4
-3 8 0 4
+3 12 4 0 1 1 0 1
+5 21 3 0 0 2
+5 4 2
+9 12 4 2 0 2
cob=(3)
cfi=(56) /build/glibc-bfm8X4/glibc-2.23/csu/../csu/init-first.c
cfn=(228) _init
calls=1 -6 
* 176 42 26 13 7 4 13 0 4
cob=(2)
cfi=(16)
cfn=(216) 0x0000000004a28530
calls=1 -58 
* 6 2 0 2 0 0 1
* 2 2 0 1 2 0 1
+4 4
+6 2 2
+2 4 4
-2 4 2 0 0 1
+3 10
+1 8 2 2
cob=(3)
cfi=(62) /build/glibc-bfm8X4/glibc-2.23/string/../sysdeps/x86_64/cacheinfo.c
cfn=(240) init_cacheinfo
calls=1 482 
* 1161 111 57 23 6 1 23 6 1
cob=(4)
cfi=(55)
cfn=(220) 0x0000000000000650
calls=1 -72 
* 17 3 1 3 0 0 3
* 4 1 1
cob=(3)
cfi=(64) /build/glibc-bfm8X4/glibc-2.23/elf/dl-altinit.c
cfn=(248) dlinit_alt
calls=1 -39 
* 4 3 0 1 0 0 1
* 3
-1 6 0 0 1 0 0 1
+3 24 24
-29 3 1
-5 3 0 0 1 0 0 1

fl=(28)
fn=(76)
24 7 0 0 1 0 0 1
+1 7
+1 7
+1 7
+1 7
+1 7
+1 7
+1 7 0 0 1 0 0 1
+1 7 7 0 0 2 0 0 2
+1 7
+1 7
+1 7
+1 7
+1 7
+1 7
+1 7
+1 7
+1 5
+4 5
+1 5
+1 5 5
+1 5
+2 5 5
+4 2 2 0 0 1 0 0 1
+1 2 0 0 1 0 0 1
+1 2
+1 2
+1 2
+1 2
+1 2 2
+1 2
+1 2
+1 2
+1 2
+1 2
+1 2
+1 2 2
+1 2
+1 2
+1 2
+1 2 0 0 1 0 0 1
+1 2
+1 2
+1 2
+1 2
+1 2
+1 2
+52 2 0 0 1 0 0 1
+4 2
+1 2
+1 2 2
+1 2
+2 2 2

fl=(34)
fn=(102)
26 3 0 3 1 0 0 1
+9 3
+1 6 3
+1 3 0 3
+4 3 0 3
+1 3 0 3
+1 3 0 3 0 0 1 0 0 1
+1 3 0 3
+1 3
+2 6 3 0 1 0 0 1
+2 3 0 3
+1 3 3
+1 3
+2 6 3
+2 3 0 3
+4 3
+1 3 3

fl=(10) /build/glibc-bfm8X4/glibc-2.23/elf/../sysdeps/unix/sysv/linux/x86_64/brk.c
fn=(18) brk
31 7 0 1 2 0 1 2 0 1
+8 1
-6 2
+7 1 1

fl=(44)
fn=(158) match_symbol
76 33 0 18 2 0 0 2
+9 3 3
-8 3 3
-1 6 0 6 0 0 1 0 0 1
+1 3 3
+8 3
+6 9 3
+15 3 3 0 1 0 0 1
+1 6
+2 3 3
+5 6 3 0 0 2 0 0 2
+14 20 10
+12 21 7 0 0 1 0 0 1
+4 7
-30 14 7 0 0 2 0 0 2
+19 15 6 3 1 0 0 1
cfi=(19)
cfn=(54)
calls=3 +11 
* 72 21 0 0 1 0 0 1
* 6
+35 24 21

fn=(156) _dl_check_map_versions
189 12 4 0 1 0 0 1
-15 36 0 24 1 0 0 1
+17 4 4
+3 12 4 8
-3 4 0 4
+2 4 4
+1 4 0 4
+2 4
-3 4 0 4
+3 4
+3 4 4
+4 2 2 0 0 2 0 0 2
-4 2 0 2 1 0 0 1
+4 8
+17 2 2
56 4 2
220 2 2
56 10 2
+1 5 5
-1 10
+2 21 0 7 1 0 0 1
cfi=(35)
cfn=(108)
calls=7 288 
* 757 154 29
* 16
228 6 2
+5 16 4 0 1 0 0 1
+19 1
-15 42 27 2 1 1 0 1 1
cfn=(158)
calls=1 76 
* 75 27 9 4 2 1 4 2 1
* 8 2 4
cfn=(158)
calls=2 76 
* 182 66 18 0 4 0 0 4
* 3
+7 18 9
+3 9 3
+9 12 4 0 1 0 0 1
+14 4 2 0 1 0 0 1
+3 8 6
+10 28
-7 112 28 0 0 8 0 0 8
+3 84 28 0 0 4 0 0 4
-3 8 2
+3 6 2
+8 9 0 0 1 0 0 1
+87 8 7
-81 12 0 3
cfi=(17)
cfn=(36)
calls=3 103 
* 165 31 23
* 3 3
+1 3 0 0 1 0 0 1
-2 3 0 3
+2 3
+11 3 3
+2 3 3
-5 3 0 3
+3 3 3
+2 3
-2 3 0 3 0 0 1
+2 3
+3 8 6 0 1 0 0 1
+4 6 2
+18 1
-15 3 1
+2 3
-2 6 2
+2 6
+2 3
+1 3
-1 6 3
+1 3
-1 3
+1 3 0 3 0 0 3 0 0 3
+1 3 3 0 1 0 0 1
-2 3 0 3
+2 6 0 3
+1 9 3 3
+3 9 3
+8 6 2
+10 9 3
+3 8 6 0 1 0 0 1
+20 28
-14 60 30
-2 28 28
+7 56 56
+1 28 28
-1 84
+1 28
-1 28 0 28 0 0 8 0 0 8
+1 28 0 28
+1 28 0 28 0 0 3 0 0 3
+3 90 30
+10 27 21 0 1 0 0 1
183 2
-8 2
+95 4 2
-80 2

fn=(154)
380 5 0 4 1 0 0 1
+4 7
+2 28 4 4 1 0 0 1
cfn=(156)
calls=4 189 
* 2410 680 246 18 21 16 18 21 15
-2 4 4
+2 12
-1 4
-1 8
+5 7 5

fl=(66) /build/glibc-bfm8X4/glibc-2.23/elf/../sysdeps/x86_64/dl-trampoline.h
fn=(260) _dl_runtime_resolve_avx
64 1 0 1 1 0 0 1
+3 1
+2 1
+2 1
+3 1 0 1 1 0 0 1
+1 1 0 1
+1 1 0 1
+1 1 0 1
+1 1 0 1
+1 1 0 1
+1 1 0 1
+1 1 0 1
+1 1 0 1 1 0 0 1
+1 1 0 1 0 0 1
+1 1 0 1
+1 1 0 1
+1 1 0 1
+1 1 0 1
+1 1 0 1
+5 1
+1 1 0 0 1 0 0 1
+1 1
+1 1
+14 1 1
+1 1 1
+1 1 0 1
cfi=(67)
cfn=(262)
calls=1 -46 
* 901 241 88 6 3 1 6 2
+1 1
+5 1
+1 1
+1 1 0 0 1 0 0 1
+1 1
+13 1 1
+1 1 1
+1 1 1
+1 1 1
+1 1 1
+1 1 1
+1 1 1 0 1 0 0 1
+1 1 1
+1 1 1
+1 1 1
+1 1 1
+1 1 1
+1 1 1
+1 1 1
+1 1 1
+2 1
+2 1 1 0 1 0 0 1
+4 1
+3 1
cob=(3)
cfi=(68) /build/glibc-bfm8X4/glibc-2.23/csu/../csu/libc-start.c
cfn=(266) (below main)
calls=1 -25 
* 69671690 29206930 6597743 342 6191 2365 337 898 2026

fn=(261) _dl_runtime_resolve_avx'2
64 4 0 4
+3 4
+2 4
+2 4
+3 4 0 4 0 0 1
+1 4 0 4
+1 4 0 4
+1 4 0 4
+1 4 0 4
+1 4 0 4
+1 4 0 4
+1 4 0 4 0 0 2
+1 4 0 4
+1 4 0 4 0 0 2
+1 4 0 4
+1 4 0 4 0 0 2
+1 4 0 4
+1 4 0 4 0 0 2
+1 4 0 4
+5 4
+1 4
+1 4
+1 4
+14 4 4
+1 4 4
+1 4 0 4 0 0 2
cfi=(67)
cfn=(262)
calls=4 -46 
* 3505 974 361 7 102 26 6 7
+1 4
+5 4
+1 4
+1 4
+1 4
+13 4 4
+1 4 4
+1 4 4
+1 4 4
+1 4 4
+1 4 4
+1 4 4
+1 4 4
+1 4 4
+1 4 4
+1 4 4
+1 4 4
+1 4 4
+1 4 4
+1 4 4
+2 4
+2 4 4
+4 4
+3 4
cob=(3)
cfi=(84) /build/glibc-bfm8X4/glibc-2.23/stdio-common/printf.c
cfn=(344) printf
calls=1 28 
* 2201 481 347 149 36 21 149 8 3
cob=(3)
cfi=(81) /build/glibc-bfm8X4/glibc-2.23/time/../sysdeps/unix/sysv/linux/clock.c
cfn=(332) clock
calls=1 25 
* 39 9 4 5 1 0 5
cfi=(77) /build/glibc-bfm8X4/glibc-2.23/elf/dl-open.c
cfn=(314) _dl_find_dso_for_object
calls=1 +23 
* 32 13 0 3 1 0 3
cob=(3)
cfi=(73) /build/glibc-bfm8X4/glibc-2.23/malloc/malloc.c
cfn=(298) malloc
calls=1 2902 
* 59208 14323 473 77 1096 48 76 879 34

fl=(7)
fn=(12)
86 8 0 6 1 0 1 1 0 1
+25 1 1 0 0 1 0 0 1
-1 1 0 1
+1 204 66 3 1 8 2 1 8 2
+6 1 1
-3 1
+1 1 0 1
-4 1 0 1 0 0 1 0 0 1
+3 1 0 1
+3 4 2 0 1 1 0 1 1
+1 2 1
-1 25 5 11 2 0 1 2 0 1
+1 108 17 0 0 2 0 0 2
-1 106 27 6 3 3 0 3 3
+62 1 1
+1 1 0 1
-1 1 0 1
+1 1
-29 1 1 0 1 0 0 1
+1 2
+11 1 1
+1 1 0 1
-1 1 0 1
+1 1
-7 1 1 0 1 1 0 1 1
+1 1
-1 1 0 1
+1 1
-4 1 1
+1 2
-25 1 1 0 0 1 0 0 1
+1 2
-4 1 1 0 1 0 0 1
+1 2
-7 1 1
+1 1
+2 1 1 0 1 0 0 1
+1 1
fi=(9)
-90 2 0 1
cfi=(10)
cfn=(18)
calls=1 -4 
* 11 1 1 2 0 1 2 0 1
fi=(5)
223 5 2 0 0 1 0 0 1
fi=(8) /build/glibc-bfm8X4/glibc-2.23/elf/../sysdeps/x86/cpu-features.c
61 2
+3 1
-3 1 0 1 1 0 0 1
+3 9
175 3 1 0 1 0 0 1
+1 1 0 1
+3 2
+1 1 0 1 1 0 0 1
+2 2 1
+1 7 0 4
+7 3 1
+4 2
+2 4 0 0 1 0 0 1
+51 2
fe=(7)
-16 1
fi=(8)
+27 1 0 1
+1 1 0 1
+1 1 0 1
fe=(7)
-29 1
+1 1 0 1
cfi=(11)
cfn=(22)
calls=1 66 
* 32 5 0 3 0 0 3
* 1 0 1
+2 2 0 1
cfi=(12)
cfn=(24)
calls=1 34 
* 17 5 2 2 1 1 2 1 1
* 3 0 0 1 0 0 1
+12 3 1
+3 5 1 1
cfi=(2)
cfn=(26)
calls=1 790 
* 86646 22519 10306 554 1117 470 550 994 448
+1 1 1 0 1 1
+1 8 7 0 1 1
fi=(8)
-4 2 0 0 1 0 0 1
+1 2
+4 2 0 1
-52 2 0 0 1 0 0 1
+1 1 0 1
+6 3 1
+2 1 0 1 1 0 0 1
+3 3
+16 2
+1 1 0 1
+2 2 1
29 2 0 0 1 0 0 1
+4 1
-4 1 0 1
+5 1
-1 1
+2 1
-1 1
+1 1
-2 1
+1 1
+1 1
+1 1 0 0 1 0 0 1
-7 2 0 2
+3 1 0 1
+4 1
+5 1
+32 2
-32 1
+27 1
+5 1
+3 1
+1 8 1 0 1 1 0 1 1
+57 2 0 1 1 0 1 1 0 1
-66 2 0 0 1 0 0 1
+44 2 1 0 1 0 0 1
248 2 0 0 1 0 0 1
+3 2 0 1 1 0 0 1
fe=(7)

fn=(204)
256 1 1 0 1

fl=(31)
fn=(164)
354 3 0 3 1 0 0 1
+2 1 1
+11 3 1 1
cfi=(17)
cfn=(44) __libc_memalign
calls=1 52 
* 76 15 13
* 1 1
+1 2
+7 2 0 0 1 0 0 1
+4 1
-57 1
+57 296 0 289 0 0 36 0 0 36
-58 2 1 0 1 0 0 1
+1 2 0 1
cfi=(17)
cfn=(36)
calls=1 103 
* 38 7 5
* 1 1
+1 2
+3 1 0 1 0 0 1 0 0 1
+6 2 0 1
+64 5 4

fn=(148) _dl_next_tls_modid
49 1 0 0 1 0 0 1
+3 4 2
+48 1 0 1
+4 2 1 0 1 0 0 1

fn=(162)
138 7 0 6 1 0 0 1
+6 3 1
+3 2 1
+36 3 1
+2 10 1 0 1 0 0 1
+3 1 1 0 1 0 0 1
-1 1 1
+5 2 1
-5 3
+3 3 0 0 1 0 0 1
+2 5
+16 3
+2 2
-2 2
+2 2
+10 1 0 1 1 0 0 1
-37 2 1
+25 1
-25 4
+40 4 0 1
+1 1 0 1
+51 1 0 1 1 0 0 1
+1 8 7

fn=(200)
890 3 0 2 1 0 0 1
+9 1 1 0 0 1
-9 1 0 1
+6 2 1 0 1 0 0 1
+8 5 1
+41 1 0 1 0 0 1
+1 3 1 1 1 1 0 1
+1 4 4

fn=(202)
450 2 0 0 1 0 0 1
-1 7 0 6
+5 1 1 0 0 1
+6 3 2 1 0 1
-6 1 0 1
+6 1 0 0 1 0 0 1
-4 1 0 1
+16 1 1
-15 3 1
+20 6 1
+6 16 1 1 1 0 0 1
+3 1 1
+1 2 0 0 1 0 0 1
+6 3 2
+3 1 1
-2 2
+2 4 1 1
+1 1 0 1
+3 1 1 0 1 0 0 1
-1 3
+4 2
+1 4 2
+2 2
+9 6 2 1 1 0 0 1
cfi=(25)
cfn=(70)
calls=1 61 
* 23 3 2 0 0 1 0 0 1
* 4 0 1
cfi=(27)
cfn=(74)
calls=1 53 
* 30 1 12 0 0 1 0 0 1
* 2 2
-38 3
+52 2 1 1 1 0 0 1
+2 1 1
+1 8 7

fn=(90)
115 2 1 0 1 0 0 1
+1 2 2

fl=(77)
fn=(314)
182 5 1 0 2 0 0 2
+1 4 1
+1 12 6 0 0 1
+1 2 1
+3 2 1
+4 1 1
-9 6 2 0 1 0 0 1

fl=(11)
fn=(22)
66 13 0 0 1 0 0 1
+1 13
+1 13
+1 13
+1 13
+1 13
+1 13
+2 13
+2 13
+30 12 12 0 0 1 0 0 1
+1 12
+1 12 0 0 1 0 0 1
+1 12
+1 12
+1 6
+1 6 6
+4 6
+1 6 6
+1 6 6
+1 6 6
+1 6
+1 6
+1 6
+1 6
+1 6
+1 6
+1 6
+1 6
+5 48 6
+4 1 0 0 1 0 0 1
+1 14 4 0 1 0 0 1
+1 8 1

fl=(22)
fn=(64)
661 1 0 1 1 0 0 1
+13 2
-13 8 0 5
+13 3 2 1
cfi=(23)
cfn=(66)
calls=1 39 
* 398 67 62 23 2 5 23 2 5
+5 1
-5 1 0 1 1 0 0 1
+5 1 0 1
cfi=(17)
cfn=(40)
calls=1 94 
* 29 6 5
* 1 1
+1 1
-2 1 0 1
+2 2
+8 1 1
-1 1
+1 2 0 1
-1 1
+1 1 0 1
-1 3 0 0 1 0 0 1
+5 1
-5 1
+5 1 0 1
cfi=(17)
cfn=(40)
calls=1 94 
* 80 16 13 2 0 0 2
* 1 1
+2 1
-3 1 0 1
+3 1
+17 1
+12 1
-9 2
+6 1 1
-19 1 0 1 1 0 0 1
+10 1 0 1 0 0 1 0 0 1
+12 1
-11 1 0 1
+2 1 0 1
+1 4 0 1
-15 1 0 1
+23 4 0 2 1 0 0 1
-3 21 4 8
cfi=(27)
cfn=(74)
calls=4 53 
* 60 4 8 2 0 1 2 0 1
* 4 4
+3 27 3 3 1 0 0 1
-14 3 0 3
+2 3
+1 3 0 3 0 0 2 0 0 2
+2 6 0 3
-3 3 0 3
+4 9 3 3 0 1 1 0 1 1
+4 3 3 0 0 1 0 0 1
-3 3
+3 3
+1 3 3
-4 9 0 3 1 0 0 1
+4 3
+10 1 0 1
+4 1 1
-11 1 1
+6 1 0 1 0 0 1 0 0 1
+6 1 0 0 1 0 0 1
-12 1 0 1
+12 1
+2 4 1
+2 3 1
+38 5 1 0 1 0 0 1
+8 3 0 1 1 0 0 1
cfi=(28)
cfn=(76)
calls=1 24 
* 23 3 0 2 0 0 2
* 2
+2 2 0 1
cfi=(11)
cfn=(22)
calls=1 66 
* 16 2
* 8 0 1
cfi=(18)
cfn=(46)
calls=1 61 
* 31 5 4
* 1
+4 6 0 0 1 0 0 1
+17 1
-4 4 1
-13 52
+17 13
-4 53 13
+8 1 0 1
cfi=(17)
cfn=(40)
calls=1 94 
* 29 6 5
* 1 1
+1 1
-2 1 0 1
+2 1 0 0 1 0 0 1
+6 9 1 2
cfn=(78) fillin_rpath
calls=1 433 
* 605 144 60 21 0 3 21 0 3
+4 5 4
+6 1 0 1 1 0 0 1
+4 8 7
-75 1 1 0 1 0 0 1
-2 1 0 1
+2 2
+14 2 0 1 1 0 0 1

fn=(106)
2167 21 0 18 1 0 2 1 0 2
+8 3
-8 6 0 6 0 0 4 0 0 4
+8 3 0 0 1 0 0 1
+1 12 3
+3 42 9
+5 49 7 0 1 0 0 1
+2 21 0 7
cfi=(35)
cfn=(108)
calls=7 288 
* 944 167 31 12 1 2 12 1 2
* 14
+4 12 6
+1 18 6 0 1 0 0 1
+3 2 2
+2 8 4 2
cfi=(19)
cfn=(54)
calls=2 144 
* 48 14
* 4
2478 24 21
2213 10 4 2 2 0 0 2
+9 2 2 0 1 0 0 1
-53 2 0 2
+53 4
+36 4
-2 2 0 2
+2 2 0 2
cfi=(28)
cfn=(76)
calls=2 24 
* 46 6
* 4
2409 2 0 0 1 0 0 1
372 3 0 1
cfi=(28)
cfn=(76)
calls=1 24 
* 47 6 0 3 0 0 3
* 2
+4 2 0 1
cfi=(29)
cfn=(82)
calls=1 40 
* 128 22 16
2410 1
-3 1 0 1 0 0 1 0 0 1
+3 2
+4 9 0 2 1 0 0 1
cfn=(110) open_verify.constprop.7
calls=1 1695 
* 299 61 20 14 8 1 14 8 1
+3 1
-3 1
+3 3 2
+12 3
+46 1 1
+1 3 0 0 1 0 0 1
-1 1 0 1
+1 9 3 5
cfn=(116) _dl_map_object_from_fd
calls=1 871 
* 1444 306 187 54 11 23 54 11 23
-1 1 1
+1 3
-1 1 0 1
+1 9 3 5
cfn=(116)
calls=1 871 
* 1738 302 349 9 13 55 9 13 55
* 6
2262 2 0 1 1 0 0 1
cfi=(11)
cfn=(22)
calls=1 66 
* 16 2
* 1
+2 1 1 0 1 0 0 1
-2 1 0 1
+2 1
+7 4 1
+35 2 1
+1 14 1 4 1 0 0 1
cfn=(138) open_path
calls=1 2018 
* 777 189 120 16 1 6 16 1 6
+6 2
-6 1
+6 3 1 0 1 0 0 1
638 1 1
2314 1
638 2
2401 2 1 0 1 0 0 1
+28 3 0 0 1 0 0 1
+2 4
2275 1 1 0 1 0 0 1
+5 1 0 0 1 0 0 1
-5 1 0 1
+5 1
+3 2 0 1
-3 1 0 1
+3 7 0 2
-3 3 1
638 1 1 0 1 0 0 1
2281 1
638 2
2336 1 0 0 1 0 0 1
-14 1 0 1 0 0 1 0 0 1
+14 1
+2 3 1
+4 2 0 1
cfi=(43)
cfn=(142)
calls=1 185 
* 1424 232 79 23 20 2 23 20 2
+2 1
-2 1 0 1
+2 1
+4 2
+8 3 1 0 1 0 0 1
+23 10 1 2
cfn=(110)
calls=1 1695 
* 370 69 22 2 9 0 2 9
+4 1
-4 1
+4 3 2
+1 2 0 1 1 0 0 1
-89 3 2 0 1 0 0 1
+1 8 2 1 1 0 0 1
638 1 1
2297 1
638 2

fn=(138)
2018 8 0 6 1 0 0 1
+1 1 1
+6 1
-6 1 0 1 0 0 1 0 0 1
+6 1
+5 9 2 6 1 0 1 1 0 1
+52 1
-59 1 0 1
-1 1 0 1 1 0 0 1
+60 1 0 1
-52 8 0 1
+74 4 1 1 1 0 0 1
-62 1 1
-9 1 1
+9 1
+7 4 2 1 0 0 1 0 0 1
cfi=(25)
cfn=(70)
calls=1 61 
* 31 5 4
+1 1 1
-1 1 0 1
+1 5 0 0 1 0 0 1
+20 8
-20 15
+3 8 4 0 1 0 0 1
+5 8 4
-1 4 4 0 1 0 0 1
+1 8
-1 12 8 4
cfi=(25)
cfn=(70)
calls=4 61 
* 85 11 7 0 0 1 0 0 1
* 16 8 4
cfi=(25)
cfn=(70)
calls=4 61 
* 92 12 8
-1 4
+7 4 4
-7 4
+7 4 0 0 1 0 0 1
+3 36 20 8
cfn=(110)
calls=4 1695 
* 176 40 48 1 0 2 1 0 2
* 4
+2 20 12
+67 7 1 0 2 0 0 2
+7 1 0 1
-2 1 0 1
+2 3 2
+3 3 1
+14 1
-27 1
+27 7 7
-84 8 4 0 1 0 0 1
+1 36 16
+6 4 4 0 1 0 0 1
+2 4 4
-2 4
+2 8
-2 4 0 4
+2 4 0 4
cfi=(42)
cfn=(140)
calls=4 34 
* 49 4 3 1 0 0 1
* 8
+1 1 1 0 0 1 0 0 1
+2 1
-2 1
+2 7 0 1
+7 3 1
-7 3 0 3 1 0 0 1
+7 9 3
-30 3 0 0 1 0 0 1
+23 6

fn=(78)
433 8 0 6 1 0 0 1
+2 1 0 0 1 0 0 1
-2 9 0 6
+5 1 0 1
cfi=(17)
cfn=(80) strsep
calls=1 -84 
* 238 74 1 2 0 0 2
* 4
-66 3 0 1 1 0 0 1
cfi=(28)
cfn=(76)
calls=1 24 
* 23 3
* 2
+4 2 0 1
cfi=(29)
cfn=(82)
calls=1 40 
* 94 16 13 1 0 1 1 0 1
* 1
+68 2 0 1
cfi=(11)
cfn=(22)
calls=1 66 
* 16 2
+4 1
-4 1
+4 1
+22 15 5 0 1 0 0 1
+1 8 4
+55 2 0 1 1 0 0 1
+2 2 0 1
cob=(2)
cfi=(16)
cfn=(84) 0x0000000004000ab0
calls=1 0 
* 7 4 1 1 0 0 1
* 2 2
-90 1 0 1
cfi=(17)
cfn=(80)
calls=1 -84 
* 6 3
* 3
+94 1 0 1
+3 9 7
-46 2 1 0 1 0 0 1
+4 2 1 0 1 0 0 1
-1 4 1 2
cfi=(17)
cfn=(40)
calls=1 94 
* 29 6 5
* 1 1
+3 1
-3 1
+3 2 1
+5 1
+1 2 0 0 1 0 0 1
-2 1 0 1 0 0 1 0 0 1
+2 1 0 1
cfi=(25)
cfn=(70)
calls=1 61 
* 31 5 4 0 0 1 0 0 1
+3 1 1
-3 1 0 1
+1 1 0 1
+2 1
+6 2 1
+1 1 1
-1 2
+1 13 0 0 1 0 0 1
+1 11 0 4 1 0 0 1
-1 2
+3 2 1 1 1 0 0 1
+1 3 1
+7 1 1
+1 1 0 1
-1 2 0 1
-67 6 1 0 2 0 0 2
+8 1 1 0 1 0 0 1
-3 3 0 1
+3 2
+26 2 0 1 1 0 0 1
-34 2 0 0 1 0 0 1
+65 2 0 1
-9 2 0 0 1 0 0 1

fn=(116)
871 22 0 14 2 0 1 2 0 1
+10 2 2
-10 2 0 2 0 0 1 0 0 1
+10 2
-10 6 0 6
+10 2 0 2 0 0 1 0 0 1
cfi=(30)
cfn=(88)
calls=2 50 
* 16 6
fi=(36) /build/glibc-bfm8X4/glibc-2.23/elf/../sysdeps/posix/dl-fileid.h
37 6 0 0 1 0 0 1
fe=(22)
881 2 0 2
fi=(36)
37 2 0 2
cfi=(37) /build/glibc-bfm8X4/glibc-2.23/io/../sysdeps/unix/sysv/linux/wordsize-64/fxstat.c
cfn=(122) _fxstat
calls=2 -3 
* 20 2 0 1 0 0 1
* 4
+4 2 2
fe=(22)
897 2
fi=(36)
40 2 2
+1 2 0 2
fe=(22)
897 29 11 0 1 0 0 1
+1 10 5
fi=(36)
49 12 6 0 1 1 0 1 1
fe=(22)
1443 16 14
915 4 2 0 1 0 0 1
+24 4 2
+10 4 2 0 1 0 0 1
+22 8 4
+32 4
882 2 0 2
1006 14 10 2 1 0 0 1
cfi=(15)
cfn=(32)
calls=2 61 
* 831 158 109 5 2 17 5 2 17
+1 2
-1 2
+1 2
+11 4 4
+1 2 2
-1 2 0 2 0 0 2 0 0 2
+2 2 2
-1 2 0 2
+4 2 2
-1 4 0 0 1 0 0 1
-2 2 0 2
+2 4
+1 6 2
+1 2
+19 2
-2 2 0 2
+10 2
-8 12 0 0 1 0 0 1
+8 2
-8 6 0 4
+8 2
+87 2 2
+8 2 0 2
-8 8 0 4 1 0 0 1
+8 2
-8 6 0 2
-86 32
-1 136
+1 95 17 0 2 2 0 2 2
+6 4 2 2
+1 6 2 2
+1 2
+9 20 8 0 2 0 0 2
+5 32 8
+9 12
-1 12
+1 4 0 4 0 0 3 0 0 3
+1 8 4 0 1 0 0 1
+2 4 4
-2 4
+1 4 0 4 0 0 1 0 0 1
-1 4
+3 4
+4 4
-7 4 0 4
+2 4 0 4
+1 4 0 4
+4 4
+1 12 6 2
+4 6 2
-14 2
+14 12 0 2
+11 2
-11 6 2 0 1 0 0 1
-14 2
+14 12 0 2
+11 2
-44 2 1 1
+1 1 0 0 1 0 0 1
+46 3 1 0 0 1 0 0 1
+4 1 0 1 0 0 1 0 0 1
+1 1 1
+1 1
-1 2 1 1
+1 1
+3 3 0 1 1 0 1 1 0 1
+1 1 1
+3 1 0 1
-3 1 0 1
+7 4 1
+6 1 0 1 0 0 1 0 0 1
cfi=(31)
cfn=(148)
calls=1 49 
* 8 3 1 2 0 0 2
* 2 1 1
+1 1
+59 4 2 2
+1 6 4 2
+1 2
-6 4 2 2 1 0 0 1
+1 2
+8 6 2 0 1 0 0 1
1019 2 2
1207 2
1019 2 0 2
1207 2
+10 6 4
fi=(38) /build/glibc-bfm8X4/glibc-2.23/elf/./dl-map-segments.h
56 4 2 0 1 0 0 1
fe=(22)
1217 6 4
fi=(38)
56 2 2
fe=(22)
1217 2
fi=(38)
56 2 0 2
fe=(22)
1217 4 0 2
fi=(38)
56 12 4 2 1 0 0 1
cfi=(26)
cfn=(72)
calls=2 -23 
* 70 16 12 0 0 1 0 0 1
+4 2
-4 2 0 2
+4 4 2
+3 4 2
+1 2
+2 2 2
-2 2 0 2
-1 2 0 2 1 0 0 1
+3 2
+10 4 2 2
fi=(40) /build/glibc-bfm8X4/glibc-2.23/elf/./dl-load.h
+14 8
+1 6 4 2
+2 8 4 0 1 0 0 1
fi=(38)
+7 16 8
+6 2 2
+2 2 2
-2 2
+1 2
+2 2
-1 2
+1 2
-1 6
+8 4
+17 4
+12 4 0 0 1 0 0 1
-59 20 4
+2 4 4
+2 2 2
-2 4
+2 20 6 4 1 0 0 1
cfi=(26)
cfn=(72)
calls=2 -57 
* 62 14 12
* 6 2
fe=(22)
1229 8 4 0 1 0 0 1
+9 4 2
fi=(3)
39 2
fe=(22)
1238 2 0 2 1 0 0 1
fi=(3)
39 2
+6 2 2 0 0 2 0 0 2
-2 2
+2 4
+15 2
+5 2
+3 2
-1 2
-3 2
-3 36 0 8 1 0 4 1 0 4
+10 8
-26 24 8 0 0 2 0 0 2
+16 35 0 35 0 0 7 0 0 7
+10 35
-26 105 35 0 0 9 0 0 9
+26 2
-26 6 2
+2 90
+13 40
+2 8
+3 8 0 0 1 0 0 1
+13 4
+20 7 2 1
+1 8 2 2 1 0 0 1
+1 8 2 2
+1 8 2 2
+2 8 2 2
+5 8 2 2 1 0 0 1
+1 7 2 1 0 1 0 0 1
+1 8 2 2
+6 6 2
+5 4 2
+7 4 2 0 1 0 0 1
+1 6 4
+16 6 2
+5 1 1
+2 1
-2 1 0 1
+2 1
+2 2
+2 2
+3 6 2 0 1 0 0 1
+10 1 1
-8 4 1 1
+8 1
+5 2 0 0 1 0 0 1
+3 4 2
fe=(22)
1245 4
+15 6 2 0 1 0 0 1
+19 4 2 2
+2 10 4 0 1 0 0 1
+54 6 2 0 0 1 0 0 1
+1 2 1 1
+3 2 1 1
cfi=(24)
cfn=(132) close
calls=1 84 
* 5 1
* 2 1 1
cfi=(24)
cfn=(132)
calls=1 84 
* 5 1 0 1 0 0 1
* 4
+9 4 2
+2 6 4 0 1 0 0 1
+2 2 2
-2 2 0 2
+2 2
+16 4 0 2
cfi=(6)
cfn=(10)
calls=2 956 
* 46 14 12 0 3 0 0 3
+4 4 2
+1 4 2
+17 4 2 0 1 0 0 1
+9 2 2
-5 6 2 4 1 0 0 1
+5 2
+10 4 2
+10 6 2 2
cfi=(15)
cfn=(48)
calls=2 32 
* 82 23 22
+4 8 2
fi=(3)
68 8
+2 10 0 2
fe=(22)
1391 2 0 1
fi=(38)
119 4 0 0 2 0 0 2
+8 16 0 8
cfi=(27)
cfn=(74)
calls=2 -74 
* 283 2 150 1 0 37 1 0 37
* 8 6 0 1 0 0 1
-54 8 4 0 2 0 0 2
-1 12 4 2
cfi=(39)
cfn=(126)
calls=2 +12 
* 10 2 0 1 0 0 1
* 2
fi=(40)
+22 5 3 0 1 0 0 1
+1 11 3 0 1 0 0 1
+3 4 0 1
fi=(38)
+39 9 0 2 1 0 0 1
cfi=(26)
cfn=(72)
calls=1 33 
* 31 7 6
+3 3 1 0 1 0 0 1
fe=(22)
1233 2 1 0 2 0 0 2

fn=(110)
1695 66 6 36 1 0 1 1 0 1
+39 6
-39 18 0 18 0 0 1 0 0 1
+39 22 6
+31 24 0 6 1 0 1 1 0 1
cfi=(24)
cfn=(112) open
calls=6 84 
* 46 6 4 1 0 0 1
+2 6
-2 6 0 6
+2 8
+10 2 0 2 1 0 0 1
+1 4 0 2
+5 16 4 4
cfi=(24)
cfn=(114) read
calls=2 84 
* 10 2 0 1 0 0 1
+2 4
+2 2 2
+2 2
-2 4 0 2 1 0 0 1
+2 2
+6 4
+16 8 2 2
cfi=(14)
cfn=(30)
calls=2 24 
* 57 6 0 0 1 0 0 1
* 18 2 2 1 0 0 1
cfi=(14)
cfn=(30)
calls=2 24 
* 72 14
* 4
+74 4 2
+5 4 2
+2 8 2
+6 4 0 0 1 0 0 1
+11 4 2 0 0 2 0 0 2
+6 2 2
+1 2 2
-1 8
+1 2
-1 2
+1 4
+1 6 2 2 1 0 0 1
+20 106 12
+2 36 17 0 1 10 0 1 10
+4 8 4
+1 6 2
+12 14 4
+4 6
+5 1
+1 1
-13 4 0 1
cfi=(14)
cfn=(30)
calls=1 24 
* 25 3
* 8 0 2 1 0 0 1
cfi=(14)
cfn=(30)
calls=2 24 
* 60 10 0 0 2 0 0 2
* 6
+16 2
+3 7 3 0 0 1 0 0 1
+3 3 1
+1 5 1
-39 2 2 0 1 0 0 1
+67 20 14 0 2 0 0 2
-23 4
+23 28 28
1804 2 1 0 1 0 0 1
+7 4 1 1 2 0 0 2
cfi=(14)
cfn=(30)
calls=1 24 
* 24 3 0 0 1 0 0 1
* 2

fl=(29)
fn=(82)
40 12 0 6 1 0 0 1
+1 3 0 3
cfi=(11)
cfn=(22)
calls=3 +25 
* 84 12
* 3
+1 6 0 3
cfi=(17)
cfn=(40)
calls=3 +52 
* 87 18 15
* 3 3
+2 6
+4 3
-1 6
+1 6 6
-1 6
cfi=(18)
cfn=(46)
calls=3 +14 
* 106 19 16 0 0 2 0 0 2

fl=(37)
fn=(122)
34 3 0 0 1 0 0 1
-1 3
+1 3
+1 18
+4 3 3

fl=(1) ???
fn=(0) 0x0000000000000c30
0 2 0 1 1 0 1 1 0 1
cfi=(2)
cfn=(2)
calls=1 353 
0 87985 22815 10436 613 1163 495 606 1036 473
0 14 3 2 1 2 0 1
cfi=(54)
cfn=(212)
calls=1 80 
0 1610 244 124 50 22 5 49 6 5
0 3
cob=(5)
cfi=(65)
cfn=(252) _start
calls=1 0 
0 69672657 29207193 6597853 358 6194 2367 353 900 2026

fl=(15)
fn=(32)
61 42 0 30 1 0 2 1 0 2
+1 3 0 3 0 0 1 0 0 1
cfi=(11)
cfn=(22)
calls=3 +4 
* 66 9 0 1 1 0 1 1
+6 3 3 0 1 1 0 1 1
-6 6
+6 6
+7 12 0 6
cfi=(17)
cfn=(36)
calls=3 +28 
* 120 21 16 6 0 1 5 0 1
* 3 3 0 1 0 0 1
+3 3
-3 3
+3 3 0 0 1 0 0 1
+4 3
+5 6 6
-6 3 0 3 0 0 2 0 0 2
+6 3
-5 3 0 3 0 0 3 0 0 3
+3 6 0 3 0 0 1 0 0 1
+2 3 0 3
cfi=(18)
cfn=(46)
calls=3 -26 
* 88 13 10 3 0 3 3 0 3
+10 3 3
-10 3 0 3 0 0 1 0 0 1
+10 3
-8 3 0 3 1 0 0 1
+9 6 6 0 0 3 0 0 3
-1 9 3
+1 9
+3 3 3
-4 3 0 3 0 0 1 0 0 1
+1 3 0 3
+3 3
+9 3
-7 3 0 3 1 0 0 1
+4 3 0 3
+3 9
+2 2 0 1 0 0 1 0 0 1
-2 2
+2 30 0 15 0 0 3 0 0 3
-2 30
+12 3
+6 3
-5 3 0 3 1 0 3 1 0 3
-1 3 0 3
+6 15 3 0 0 1 0 0 1
+2 2
+3 2
-3 2 0 2 0 0 1 0 0 1
+3 2
-3 4
+7 6 2
+4 4
+2 5 1 0 1 0 0 1
+6 1 0 1
+6 1
-3 2 0 1 1 0 0 1
+3 4 0 1
-3 4 0 2 0 0 1 0 0 1
+3 4 0 2
+2 6 2 2
cfi=(11)
cfn=(22)
calls=2 -91 
* 68 10
+4 2 2
-4 8 0 2
+4 6
+64 4 0 2
+4 24 21
68 30 3 0 2 0 0 2
+34 8 2 3 0 0 3 0 0 3
+39 8 0 0 1 0 0 1
+70 6 4 2 1 0 0 1
cfi=(25)
cfn=(70)
calls=2 61 
* 71 12 10 3 0 2 3 0 2
* 42
+6 40 40
-1 40
+1 42 2
-1 2
+1 6
+5 4 0 2
-89 2 0 0 1 0 0 1
+32 4 0 2
cfi=(17)
cfn=(40)
calls=2 -71 
* 58 12 10
* 2 2
+1 2
-1 2
+1 6
+2 1 0 0 1 0 0 1
-35 2

fn=(48)
32 15 0 9 1 0 0 1
+2 6 3 3
cfi=(2)
cfn=(50)
calls=3 704 
* 6 3 3 1 0 1 1 0 1
+2 3
-2 3
+2 19 3
+3 15 5
+2 2 0 2
+2 2 0 2
+4 2
+4 2
-4 4 0 2
+1 2 2
+4 4 4
-4 2 0 2
+1 2
+3 2 2
-3 2 0 2
+2 2 2
cfi=(2)
cfn=(52)
calls=2 710 
* 4 2 2
-4 1 0 0 1 0 0 1
+4 1
-4 2 0 1
+1 1 1
+4 2 2
-4 1 0 1
+1 1
+3 1 1
-3 1 0 1
+2 1 1
cfi=(2)
cfn=(52)
calls=1 710 
* 2 1 1
-5 2 0 1

fl=(17)
fn=(86) free
120 1 0 1 1 0 0 1
+2 3 1
+7 2 2

fn=(40)
94 21
+1 42
cfn=(44)
calls=21 -43 
* 633 125 122 6 0 2 6 0 2
* 21 21 0 1

fn=(44)
52 66 0 44 1 0 2 1 0 2
+1 87 43
+11 63
+3 21
-3 21 0 21
+3 42
-3 3
+3 1
-3 1 0 1
+3 78 0 0 1 0 0 1
+4 12 3
+1 6
+6 24 0 3
cfi=(26)
cfn=(72)
calls=3 -45 
* 99 21 18 2 0 0 2
+2 15 6
+4 9 0 3
+3 3 0 3
+1 3 0 3
+2 15 9
-3 19 0 19 1 0 0 1
+1 19 0 19
+2 95 57
-31 2 1 0 1 0 0 1
-1 5 0 1

fn=(80)
354 4 2 0 1 0 0 1
+2 2 2
+1 4
+4 33 1 0 1 0 0 1
+7 84 28
-2 56 28
+13 1 0 1
+4 2 2
-7 14
-15 44 14

fn=(36)
103 8 0 0 1 0 0 1
+8 24
-4 8
+4 16
+3 8
cfn=(40)
calls=8 -20 
* 289 58 49 5 0 1 4 0 1
* 8 8

fl=(35)
fn=(108)
288 185 0 74 1 0 2 1
+1 74 37 37 0 1 2 0 0 2
cfi=(19)
cfn=(54)
calls=37 144 
* 1308 241 0 7 11 0 6
* 37
+1 37
-1 37
+3 37 37
+2 74
+4 38 38
-4 76
+1 123 41 41 1 4 0 1
cfi=(19)
cfn=(54)
calls=41 144 
* 1528 281 0 4 5 0 4 1
* 82
-5 3
+11 49 9
-1 34
+1 136 102

fn=(144)
45 2 0 2 1 0 0 1
+7 1
-7 3 0 2
+7 1
-7 3 0 0 1 0 0 1
+7 1 0 1
cfi=(24)
cfn=(112)
calls=1 +32 
* 5 1
+1 2
+2 5 0 1
cfi=(37)
cfn=(122)
calls=1 -21 
* 10 1
* 2
+2 1 1
+3 1
-3 1 0 1
+3 1
+13 2 0 1
cfi=(24)
cfn=(132)
calls=1 +11 
* 5 1
+3 7 5
-14 6 0 1 1 0 0 1
cfi=(26)
cfn=(72)
calls=1 -29 
* 33 7 6
* 2

fl=(24)
fn=(132)
84 12 0 0 1 0 0 1
+1 3 3

fn=(112)
84 28 0 0 1 0 0 1
+1 3 3
+1 20 4 4

fn=(114)
84 8 0 0 1 0 0 1
+1 2 2

fn=(68)
84 12 0 0 1 0 0 1
+2 15 3 3

ob=(3)
fl=(62)
fn=(244) intel_check_word
133 8 0 0 1 0 0 1
+6 4
-7 20 0 16
+7 16
-7 4
+7 4
+2 4
-2 4 0 0 1 0 0 1
+2 4
+68 8 4
+3 24 8
-69 4
+2 8
-2 6
+2 12
+8 20 0 0 1 0 0 1
+51 16
+22 8
fi=(63) /build/glibc-bfm8X4/glibc-2.23/string/../bits/stdlib-bsearch.h
27 8
+1 16
+3 16
+1 8
fe=(62)
+89 16 8 0 0 1 0 0 1
fi=(63)
-90 12
+1 6
fe=(62)
+89 12 6 0 0 1 0 0 1
+3 54 0 0 1 0 0 1
fi=(63)
-95 44
+2 44
-2 44
+2 80
+1 40
fe=(62)
+89 80 40 0 0 4 0 0 4
251 8
141 16
-6 2
256 24 20
fi=(63)
37 10 0 0 1 0 0 1
-8 24
fe=(62)
165 6
+3 6
+4 4 0 0 1 0 0 1
+2 4
+1 14
+2 7
-12 2 0 0 1 0 0 1
+12 2
+1 10
+1 10
+1 6
+17 3
-32 9
+3 9
+4 6
+2 6
+1 12
+2 12
+5 2 0 0 1 0 0 1
+2 4
+2 32 0 0 2 0 0 2

fn=(240)
482 2 0 2 1 0 0 1
+12 1 1
-12 3 0 3
+12 3 1
+2 4 1 1
cfn=(242) handle_intel
calls=1 262 
* 455 50 21 14 6 0 14 6
+4 2 0 0 1 0 0 1
-4 1
+4 1 0 1
cfn=(242)
calls=1 262 
* 547 50 21 1 0 0 1
+2 1
-2 1
-1 1
+3 1
+9 2
+2 1 1
+1 1 1
+2 1
+5 2
+9 4
-9 4
+9 16
-9 12 0 0 1 0 0 1
+6 8
+69 4
+1 5
+55 2
+2 1 0 0 1 0 0 1
+1 1 0 1 0 0 1 0 0 1
+2 1
-3 1
+5 1 0 1
-5 1 0 1
+4 3 0 1
+4 2
+2 1
+1 1 0 1
+2 1 0 0 1 0 0 1
-3 1
+5 1 0 1
-5 1 0 1
+4 2
+3 1 1
-3 1 0 1
+3 5 5
532 1 0 0 1 0 0 1
+32 1
-26 6
+7 5 0 0 1 0 0 1
+2 1
+1 1
+1 2
-4 4
+2 1
+1 1
+1 6
+2 2
-6 2
+6 2
+5 1
+2 2
+1 1
-1 1
+1 3
+6 1
-1 1
+1 5 0 0 1 0 0 1

fn=(242)
262 4 0 0 1 0 0 1
-1 4 0 4
+17 2
-17 12 0 8
+14 2 0 2 1 0 0 1
+1 4 0 2
-3 6 0 2
+23 8 0 2
cfn=(244)
calls=2 133 
* 666 70 8 5 6 0 5 6
+1 4
+3 10 0 2 1 0 0 1
cfn=(244)
calls=2 133 
* 238 16 8 5 0 0 5
+1 4
-17 4 0 0 1 0 0 1
+5 2
-5 6 0 2
+5 2
+2 2
+1 2
-1 4 0 2
+27 16 14 0 1 0 0 1

fl=(95) /build/glibc-bfm8X4/glibc-2.23/string/../sysdeps/x86_64/strlen.S
fn=(370) strlen
66 1 0 0 1 0 0 1
+1 1
+1 1
+1 1
+1 1
+1 1
+1 1
+2 1 0 0 1 0 0 1
+2 1
+30 1 1 0 0 1 0 0 1
+1 1
+1 1
+1 1
+1 1
+1 1
+1 1 1

fl=(96) /build/glibc-bfm8X4/glibc-2.23/string/../sysdeps/x86_64/memcpy.S
fn=(372) __GI_mempcpy
61 2 0 0 1 0 0 1
+4 2
+3 2
+1 2
+2 2 2
+1 2 0 2
+2 2 0 0 1 0 0 1
+1 2
+5 2
+1 2
+11 2
+1 2
+11 2
+1 2
+11 2 0 0 1 0 0 1
+1 2
+21 2
+4 2 2

fl=(71) /build/glibc-bfm8X4/glibc-2.23/setjmp/../sysdeps/x86_64/setjmp.S
fn=(288) __sigsetjmp
26 1 0 1 1 0 0 1
+9 1
+1 2 1 0 1 0 0 1
+1 1 0 1
+4 1 0 1
+1 1 0 1
+1 1 0 1
+1 1 0 1
+1 1
+2 2 1
+2 1 0 1
+1 1 1
+1 1
+2 2 1
+2 1 0 1 1 0 0 1
+9 1
cfi=(72) /build/glibc-bfm8X4/glibc-2.23/setjmp/sigjmp.c
cfn=(290) __sigjmp_save
calls=1 -36 
* 9 2 2

fl=(47)
fn=(180)
38 1 0 0 1 0 0 1
-1 1
+1 6 0 3
fi=(48) /build/glibc-bfm8X4/glibc-2.23/time/../sysdeps/generic/dl-hash.h
+10 3
+14 4 0 0 1 0 0 1
-17 3 1 0 0 1 0 0 1
+3 9
+14 12
-17 9 3
fe=(47)
-7 3
+3 2
-3 1 0 1
+3 1 0 1
cfi=(49) /build/glibc-bfm8X4/glibc-2.23/elf/../sysdeps/unix/sysv/linux/dl-vdso.c
cfn=(184) _dl_vdso_vsym
calls=1 -14 
* 6 3 0 2 1 0 2
+1 3 0 0 1 0 0 1
+1 2 1

fl=(100) /build/glibc-bfm8X4/glibc-2.23/io/../sysdeps/unix/syscall-template.S
fn=(394) write
84 2 1 0 1 0 0 1
cfn=(396) __write_nocancel
calls=1 * 
* 5 1

fn=(396)
84 5 1

fl=(52)
fn=(194)
37 1 0 0 1 0 0 1
-1 1
+1 6 0 3 1 0 0 1
fi=(48)
+11 3
+14 4
-17 3 1
+3 9
+14 12
-17 9 3
fe=(52)
-8 3
+3 2 0 0 1 0 0 1
-3 1 0 1
+3 1 0 1
cfi=(49)
cfn=(184)
calls=1 -13 
* 6 3
+1 3
+1 2 1

fl=(92) /build/glibc-bfm8X4/glibc-2.23/stdlib/../sysdeps/x86_64/mul_1.S
fn=(364) __mpn_mul_1
32 8 0 8 1 0 0 1
+3 8
+1 8 8
+1 8
+1 8
+1 8
+2 8
+1 8
+2 8
+1 8
+1 8
+1 8 0 0 1 0 0 1
+1 8
+2 8
+1 8
+1 8 0 8
+1 8
+69 8 0 0 1 0 0 1
+2 8 8
+3 8 8

fl=(99) /build/glibc-bfm8X4/glibc-2.23/io/../sysdeps/unix/sysv/linux/wordsize-64/fxstat.c
fn=(384) _fxstat
34 1 0 0 1 0 0 1
-1 1
+1 1
+1 6 0 0 1 0 0 1
+4 1 1

fl=(106) /build/glibc-bfm8X4/glibc-2.23/posix/../sysdeps/unix/sysv/linux/_exit.c
fn=(450) _Exit
27 2 1 0 1 0 0 1
+4 1
+2 2

fl=(73)
fn=(316) _int_malloc
3349 912 0 0 1 0 0 1
-30 608 0 608
+30 304
-30 1216 0 1216 0 0 1 0 0 1
+30 912
-30 304
+30 912
+4 912 0 304 1 0 1 1
+14 608 304 0 0 2 0 0 1
+37 608 0 0 1 0 0 1
+2 909 0 303
+1 909
+2 303 303 0 0 1 0 0 1
-2 303
+2 606
+2 2
+37 4 0 0 1 0 0 1
+1 2 1
+1 2 0 1 1 0 0 1
cfn=(318) malloc_consolidate
calls=1 4144 
* 651 3 257 4 0 32 4 0 32
3819 4256 0 1520 1 0 1 1 0 1
-2 304
+2 304
-2 304
+2 608 0 304
5002 304
3817 304 0 304
+2 304 0 304
5004 304
3819 304
5004 304
3819 912 0 304 1 0 0 1
5004 608 0 304
3819 1216 0 608
5002 608 0 608
3469 1520 304 0 1 1 0 1
3833 2736 2128 0 2 0 0 2
3603 608 0 0 1 0 0 1
+73 608 304
+1 608 0 0 1 0 0 1
+1 608
+1 608 304 0 0 1
+1 608
+5 608
+4 912 0 0 1 0 0 1
+3 1216 304 0 0 1
-3 912
+3 1212 303 0 1 0 0 1
-3 606
+3 900 300
3792 304 304 0 0 1
+3 304
-2 608 304
+2 608
+17 2 1
3605 3 1 0 1 0 0 1
+3 1 1 0 0 1
-3 1
+3 3
3448 3 0 1 1 0 0 1
1879 4 1 0 2 0 0 2
3827 3 0 1 2 0 0 2
cfn=(320) sysmalloc
calls=1 2268 
* 249 55 39 21 7 5 21 2 2
+1 2
-28 303
-3 303
+1 303
+2 303
-1 303 0 303
+1 606
+2 303
-2 1212 0 303 1 0 0 1
+2 303 0 303 0 0 303 0 0 303
+3 303
1879 909 303

fn=(318)
4144 2 1 0 1 0 0 1
4996 4 0 0 1 0 0 1
1808 3 0 2 0 0 1 0 0 1
-3 2
+3 378 0 252 0 0 30 0 0 30
-3 252
+7 3 0 0 1 0 0 1
+5 1
+2 1 0 1 0 0 1 0 0 1
-2 2 1 1
-1 3 1 1 1 0 0 1

fn=(320)
2268 8 0 6 1 0 1 1
+20 1 1 0 0 1
+11 1
-11 1 1 0 0 1
+11 1
+1 5 1 1 1 0 1 1
fi=(75) /build/glibc-bfm8X4/glibc-2.23/malloc/arena.c
488 3 0 1
fe=(73)
2315 5 0 2
+65 1 1
+1 3 1
+10 1
-9 1 0 0 1 0 0 1
+9 5 1
+6 4 0 1
+3 3
2723 2 1 0 1 0 0 1
+1 1 0 1
+8 4 2
+5 1
-3 1
+3 1
-2 1
+2 3
+1 1
-1 1 0 0 1 0 0 1
-1 1 0 1
+4 1
-3 2 0 1
+1 1 0 1 0 0 1 0 0 1
+8 9 7
2463 1 1 0 1 0 0 1
-8 4 1
+8 1
+21 5 2 3 1 0 1 1
cfi=(78) /build/glibc-bfm8X4/glibc-2.23/malloc/morecore.c
cfn=(322) __default_morecore
calls=1 46 
* 62 12 8 5 2 0 5 1
* 1
+1 1
+3 4 2 0 1 0 0 1
+3 2 2 0 0 1
+1 2
+20 2
+26 2 1 0 0 1 0 0 1
+2 2 1
+6 1 0 0 1 0 0 1
-6 1 0 1
+6 1
2321 1 0 0 1 0 0 1
2464 1
+10 5 0 2 1 0 0 1
+8 1
-8 1
+8 1
+67 7 1 0 2 0 0 2
+37 2
+6 3
+19 1
+3 2
+1 5 2 0 1 0 0 1
+2 1
-2 1
+2 1
+1 3 2 1
cfi=(78)
cfn=(322)
calls=1 46 
* 25 8 4 0 1
+12 2
+8 1 1
+1 1 1
-1 2 2 0 1 0 0 1
+1 2
+39 1
+1 1
-2 1 0 1
+1 3
+12 1
-12 1 0 1 0 0 1 0 0 1
+1 1 0 1
+11 1
2539 5 0 2 1 0 0 1

fn=(298)
2902 912 0 608 1 0 1 1
+5 608 608 0 0 2
+1 608 0 0 1 0 0 1
+3 2424 909 0 0 2
+2 909 0 303 1 0 0 1
cfn=(316)
calls=303 3349 
* 42412 5452 7575 4 5 306 4 0 305
+3 303
-3 303
+3 303
+8 1212 303 303
+2 3333 303 0 1 0 0 1
+3 1212 909
-18 1818 303 303 1 0 0 1
-2 1 1 0 1 0 0 1
+20 3 2
-20 1
cfi=(74) /build/glibc-bfm8X4/glibc-2.23/malloc/hooks.c
cfn=(300) malloc_hook_ini
calls=1 29 
* 59196 14318 471 74 1096 48 73 879 34

fl=(61) /build/glibc-bfm8X4/glibc-2.23/ctype/ctype-info.c
fn=(238) __ctype_init
31 5 5 0 1 2 0 1
+2 1 1
+2 1 1
-4 1
+4 1
-4 1 0 1 1 0 0 1
+2 3 1 1 0 1
+2 3 2 1

fl=(51)
fn=(192)
30 1 1 0 1 0 0 1
+1 1
+1 1 1
+1 1
+1 1
+1 1 1

fl=(46)
fn=(178)
109 1 1 0 1 0 0 1
+1 1
+1 1 1 0 0 1
+1 1
+10 1 1 0 1 0 0 1

fn=(188)
129 1 1 0 1 0 0 1
+1 1
+1 1 1 0 1 0 0 1
+1 1
+10 1 1 0 1 0 0 1

fl=(74)
fn=(300)
29 4 0 2 1 0 0 1
fi=(75)
260 1 1 0 0 1 0 0 1
fe=(74)
30 1 1 0 1 0 0 1
fi=(75)
260 1
fe=(74)
30 1 0 1
fi=(75)
260 1
fi=(73)
2911 7 3
+2 3 0 1 1 0 0 1
cfn=(316)
calls=1 3349 
* 1035 76 320 42 10 37 42 4 34
+3 1
-3 1
+3 1
+8 4 1 1
+2 11 1 0 1 0 0 1
fe=(74)
33 4 3 0 0 1
fi=(73)
2911 6 1 1 2 1 0 2
+12 1 0 1 1 0 0 1
cfi=(75)
cfn=(304) ptmalloc_init.part.5
calls=1 258 
* 58110 14230 144 25 1082 11 24 874
* 1 1 0 0 1
-15 2
fe=(74)

fl=(87) /build/glibc-bfm8X4/glibc-2.23/libio/fileops.c
fn=(382) _IO_file_stat
1229 1 0 0 1 0 0 1
+1 3 1
cfi=(99)
cfn=(384)
calls=1 34 
* 10 1 0 2 0 0 2

fn=(392) _IO_file_write@@GLIBC_2.2.5
1258 1
-2 6 0 5
+2 4 0 0 1 0 0 1
+4 2
+1 2 1
+10 3 1
+3 6 6
-13 4 1 1 1 0 0 1
cfi=(100)
cfn=(394)
calls=1 84 
* 7 2 0 1 0 0 1
+1 2 0 0 1 0 0 1
+5 1
+1 1
-12 5

fn=(448) _IO_file_sync@@GLIBC_2.2.5
868 1 0 1 1 0 0 1
+5 1 1
-5 1
+5 3 1 0 1 0 0 1
+2 1 1
+1 2 1
+17 2 0 1 1 0 0 1
+4 2 2

fn=(376) _IO_file_overflow@@GLIBC_2.2.5
808 27 9 0 1 0 0 1
+7 9
-8 45 0 27 1 0 0 1
+8 41 16
+35 18
+3 16 8
+3 24 0 16
+1 24 8
+1 32
+4 8
+1 32 32
-45 2 1 0 1 0 0 1
+12 2
+9 4 2 0 1 0 0 1
+8 1 1
-4 1 0 1
+3 2
-2 2 0 2
-3 1 0 1
+1 2 0 1
+5 1
-1 1 0 1
+1 3
+1 2 0 1 1 0 0 1
+3 2 0 0 1 0 0 1
+12 3 3
-12 1
cfn=(390) _IO_do_write@@GLIBC_2.2.5
calls=1 494 
* 94 25 17 8 0 0 8
-31 2 0 1 1 0 0 1
cfi=(97) /build/glibc-bfm8X4/glibc-2.23/libio/genops.c
cfn=(378) _IO_doallocbuf
calls=1 395 
* 283 54 45 13 11 7 13 0 3
+1 6 2 3 1 0 0 1

fn=(350) _IO_file_xsputn@@GLIBC_2.2.5
1287 2 0 0 1 0 0 1
-1 4
-6 10 0 6 1 0 0 1
+13 4 1
+21 1
+5 4 0 1
cfi=(96)
cfn=(372)
calls=1 61 
* 18 2 1
* 1 0 1
+6 1
-1 1
+1 2
+2 2
+27 2
+1 9 8 0 1 0 0 1
-18 2 2 0 1 0 0 1
+1 3
+2 3
+11 2
-56 3 2 0 1 0 0 1
+1 2
+3 3
+2 4 1
+37 4 0 0 1 0 0 1
-35 1 0 0 1 0 0 1
+11 5
+17 4 2 1 1 0 0 1
cfn=(376)
calls=1 808 
* 116 31 20 9 0 0 9
* 2 0 0 1 0 0 1

fn=(390)
494 3 0 0 1 0 0 1
-2 8 0 4
+11 2 1
+7 4 2 0 1 0 0 1
+8 5 2 1 1 0 0 1
cfn=(392)
calls=1 1258 
* 44 11 6 4 0 0 4
* 1
+1 5 1
+6 1 1
-4 1 1
+4 1
-4 3 0 3
+1 2 0 2
+3 1
-2 1 0 1
-29 4
+1 6 5
+29 2 1 0 1 0 0 1

fn=(444) _IO_file_setbuf@@GLIBC_2.2.5
450 2 0 1 1 0 0 1
+1 1 0 1
cfi=(97)
cfn=(446) _IO_default_setbuf
calls=1 +71 
* 51 14 16 7 0 0 7
* 2
+4 2 1 1 1 0 0 1
-1 2 0 2
+2 3 0 3
+2 1
+1 2 2

fl=(69) /build/glibc-bfm8X4/glibc-2.23/stdlib/cxa_atexit.c
fn=(268) __cxa_atexit
57 5 0 3 1 0 0 1
-22 1
+22 1
-22 1 0 1
cfn=(270) __new_exitfn
calls=1 +38 
* 38 8 8 7 3 2 7 1 2
+2 2
+4 1
+3 1 0 1
+1 1 0 1
-4 2 1
+2 1 0 1
+4 1 0 1 1 0 0 1
+1 1
+11 4 4

fn=(270)
73 2 0 2 1 0 0 1
+6 1
-6 1
+6 1
-6 1
+6 4 1 1 1 1 1 1 1 1
+2 6 1 0 0 1
+2 3 1 0 1 1 0 1
-2 1 1 0 1 0 0 1
+10 2 0 1
-10 2
+45 1 0 1 1 0 0 1
+1 1 0 1 0 0 1 0 0 1
+3 4 1 1
+3 5 3
-21 1 0 0 1 0 0 1
+1 2 0 1 1 0 0 1

fl=(98) /build/glibc-bfm8X4/glibc-2.23/libio/filedoalloc.c
fn=(380) _IO_file_doallocate
95 5 0 3 1 0 0 1
+15 6 3 1 0 0 1
cfi=(87)
cfn=(382)
calls=1 1229 
* 14 2 0 3 0 0 3
* 2
+2 4 1
+11 3 1 0 1 1 0 1
+4 2 0 1
cob=(2)
cfi=(16)
cfn=(386) 0x0000000004c498a0
calls=1 0 
* 185 30 30 4 9 5 4 0 3
* 1
+2 1
-1 2
+2 4 0 1
cfi=(97)
cfn=(388) _IO_setb
calls=1 380 
* 18 4 4 1 0 0 1
+1 1
+1 5 4
-15 1 1 0 1 0 0 1
-2 9
+5 2 0 1

fl=(82) /build/glibc-bfm8X4/glibc-2.23/rt/../sysdeps/unix/clock_gettime.c
fn=(334) clock_gettime
93 10 0 4 1 0 0 1
+22 12 4 2 0 3
cfi=(83) /build/glibc-bfm8X4/glibc-2.23/misc/../sysdeps/unix/syscall-template.S
cfn=(336) __syscall_clock_gettime
calls=2 -50 
* 6 2 0 1 0 0 1
* 4
+19 8 6 0 1 0 0 1

fl=(88) /build/glibc-bfm8X4/glibc-2.23/stdio-common/printf_fp.c
fn=(352) __printf_fp
1257 1 1 0 1 1 0 1
-1 1
+1 4 1
cfn=(354) __printf_fp_l
calls=1 215 
* 1643 357 225 95 20 15 95 5 3

fn=(362) hack_digit
169 6 0 4 1 0 0 1
+3 6 2
+2 8 2
+2 4 4 0 1 0 0 1
+1 2
-1 2 0 0 1 0 0 1
+1 4
-1 2 2
+1 2 0 2 0 0 1
cfi=(92)
cfn=(364)
calls=2 32 
* 40 6 4 3 0 0 3
* 2 0 2
+32 12 6

fn=(354)
215 10 0 6 1 0 0 1
+39 1 1
-39 1 0 1 0 0 1
+30 1 0 1 0 0 1
+16 1 0 1 1 0 1 1
-7 3
+10 1
-10 2 0 1
+10 1
fi=(89) /build/glibc-bfm8X4/glibc-2.23/stdio-common/../include/../locale/localeinfo.h
+42 3 2 1 0 2
fe=(88)
-39 2 1 1
+18 3 1 0 1 0 0 1
+33 1 0 1
-2 2 0 2
+16 1
+2 1 1
-2 1
+46 1 1 0 1 0 0 1
+3 2
+14 4 2 0 0 2 0 0 2
+16 8 0 2 1 0 1 1
cfi=(90) /build/glibc-bfm8X4/glibc-2.23/stdlib/../sysdeps/ieee754/dbl-64/dbl2mpn.c
cfn=(358) __mpn_extract_double
calls=1 37 
* 20 1 4 3 0 0 3
+4 1
-4 1 0 1
+4 2
+36 1 1
+12 1 0 1
-9 9 0 0 1 0 0 1
+1 5
+1 2
+1 2
-2 1
+1 1
-1 1 0 1
+2 1
+7 1
-8 1 0 1 1 0 0 1
+1 1 0 1
+7 1
638 2
806 4 0 1 0 0 1
cfi=(91) /build/glibc-bfm8X4/glibc-2.23/stdlib/../sysdeps/x86_64/lshift.S
cfn=(360) __mpn_lshift
calls=1 29 
* 15 2 1 3 0 0 3
+1 5 2 2
+1 1 0 1
+14 2 2 0 1 1 0 1
-10 1 1
+10 1 1
-10 1 0 1 0 0 1
+10 2 1 0 0 1 0 0 1
+2 1
-2 1 0 1
+2 1
+10 2 1
+48 1 1 0 1 0 0 1
-61 1 0 1 1 0 0 1
+61 2
+14 7 2 0 1 0 0 1
+7 1
fi=(108) /build/glibc-bfm8X4/glibc-2.23/stdio-common/../sysdeps/pthread/allocalim.h
29 2
fe=(88)
913 7 0 2 1 0 0 1
+4 1 1
-3 2 0 1
+3 2
+3 4 2 0 1 0 0 1
-6 8 3 1
+9 3 0 1 0 0 1
cfn=(362)
calls=1 169 
* 45 11 6 6 0 1 6
-3 1
+3 1 0 1 1 0 0 1
-3 6 3 1
+7 5 2
+2 2 1 0 1 0 0 1
-4 1 0 1
+4 2 1 1
+12 3 1 1
+1 7 0 3 1 0 0 1
+1 28 7
+1 2 1
172 6 6
946 6
172 12 0 0 1 0 0 1
+2 18 6
947 6 0 6 1 0 0 1
+1 6
+2 12
1250 9 7 0 1 0 0 1
435 12 0 0 2 0 0 2
176 12 12 0 1 0 0 1
+1 6
-1 6
+1 12
-1 6 6
+1 6 0 6
cfi=(92)
cfn=(364)
calls=6 32 
* 120 18 12
* 30 0 6 1 0 0 1
944 3 1
+15 5 3
+1 3 1 2 1 0 0 1
cfn=(362)
calls=1 169 
* 45 11 6
+2 4 1
+1 1
-1 1
fi=(93) /build/glibc-bfm8X4/glibc-2.23/stdio-common/../sysdeps/generic/get-rounding-mode.h
94 1 0 1
+1 5 1 0 1 0 0 1
fe=(88)
1078 4 0 0 1 0 0 1
+7 2
+3 2 1
+13 3 1 0 2 0 0 2
+46 6 2 0 1 0 0 1
+2 6 2 0 1 0 0 1
+2 1
-2 1 0 1
+2 4 1
248 1 0 0 1 0 0 1
1154 2
+7 4 1 0 1 0 0 1
+9 3 1 0 1 0 0 1
+7 1 1
+3 1
-3 3 0 1
+5 2 1 1 1 0 0 1
cfi=(95)
cfn=(370)
calls=1 66 
* 16 2 0 2 1 0 2 1
* 1 0 1
+2 3 1
+5 3 2 0 1 0 0 1
+2 1 1
-2 1
+2 1
-2 1 0 1
+2 1
+18 13 3 3 2 0 0 2
+3 14
+3 14 0 7
-6 24
+1 24 8
+1 4 2 1 1 0 0 1
cfi=(96)
cfn=(372)
calls=1 61 
* 18 2 1 3 0 0 3
* 1
fi=(93)
95 2 0 0 1 0 0 1
fi=(94) /build/glibc-bfm8X4/glibc-2.23/stdio-common/../include/rounding-mode.h
-43 4
fe=(88)
1156 3 1 0 1 0 0 1
837 1 1 0 1 0 0 1
-1 1 0 1
+1 4 0 1 1 0 0 1
+3 3 1
+2 1 1
-3 1 0 1
-1 1 0 1
+4 1
+2 2 0 1
-7 1 1 0 1 0 0 1
+5 1 0 1
-5 2 0 1
984 3
+5 8 2 0 1 0 0 1
+5 3 1
+4 2 0 1 1 0 0 1
+11 4 1
1239 3 1 0 1 0 0 1
+7 2 1 0 1 0 0 1
967 7 4 1 1 0 0 1
1219 2 1
+17 5
-78 2 0 0 2 0 0 2
+78 95 24 9 2 1 0 2 1
cfi=(97)
cfn=(374) __overflow
calls=8 230 
* 623 154 96 22 12 7 22 0 3
* 16
-34 6 0 0 1 0 0 1
-45 1 0 0 1 0 0 1
837 2 0 1
1159 4 1 0 1 0 0 1
568 1 0 0 1 0 0 1
1185 2 0 1

fl=(101) /build/glibc-bfm8X4/glibc-2.23/stdlib/exit.c
fn=(398) exit
104 1 0 0 1 0 0 1
-1 1
+1 2 0 1 1 0 0 1
cfn=(400) __run_exit_handlers
calls=1 -69 
* 896 248 144 63 36 4 60 4

fn=(400)
35 8 0 4 1 0 0 1
+5 1 0 1
cfi=(102) /build/glibc-bfm8X4/glibc-2.23/stdlib/cxa_thread_atexit_impl.c
cfn=(402) __call_tls_dtors
calls=1 145 
* 11 5 2 2 0 0 2
* 1 1 0 0 1
+6 8 2 0 0 1
+4 6 0 0 1 0 0 1
+3 1
-1 1 0 1
+2 5 1
+33 1 1
+1 1
-1 1 0 1
+1 1
+6 2 0 0 1 0 0 1
+1 5 1 1 0 1
cfi=(97)
cfn=(440) _IO_cleanup
calls=1 948 
* 248 70 55 25 8 0 25 3
* 3
+2 2 0 1
cfi=(106)
cfn=(450)
calls=1 -70 
* 8 1 0 2 0 0 2
-19 1 0 0 1 0 0 1
+4 1
-4 1
+2 1 1
+2 1 1
-2 2 1
+2 1 0 1
cob=(1)
cfi=(103)
cfn=(404)
calls=1 +48 
* 573 163 77 30 25 4 27 1
+1 1

fl=(85) /build/glibc-bfm8X4/glibc-2.23/stdio-common/vfprintf.c
fn=(346) vfprintf
1236 8 0 6 2 0 0 2
+31 3 2 1 0 2 1
+8 4 1 1 0 1
+4 5 1 0 0 1
+11 5 0 0 1 0 0 1
+11 1 1
fi=(109) /build/glibc-bfm8X4/glibc-2.23/stdio-common/printf-parse.h
108 3 0 1
fe=(85)
1316 1
-15 5 2 3 1 0 0 1
fi=(109)
108 1 0 1 0 0 1
cfi=(86) /build/glibc-bfm8X4/glibc-2.23/string/../sysdeps/x86_64/strchr.S
cfn=(348) strchrnul
calls=1 -84 
* 20 2 0 2 1 0 2
fe=(85)
1316 1 1
fi=(109)
108 1
fe=(85)
1312 1 0 1
+4 2
+4 8 2 2 1 1 0 1
cfi=(87)
cfn=(350)
calls=1 -33 
* 4 1 0 2 0 0 2
* 4 1
1685 5 2 1
+3 1
+1 8 7
1316 6 2 2 2 1 0 2 1
+1 14 5 3 1 3 0 1
1685 5 1 2 1 0 0 1
+1 2
1320 2 0 0 1 0 0 1
+4 1 1 0 1 0 0 1
-4 1
+4 2 1
+4 12 3 5 3 1 1 3
1552 2 0 1 0 0 1
-21 2 0 1 0 0 1
1632 2 0 1
-1 2 0 1
1370 15 3 1 1 2 0 1 2
-7 1 0 1 1 0 0 1
-1 1 0 1
-3 1 0 1
-1 1 0 1
+8 1
+4 1
-3 1 1
-10 1 0 1
-1 1 0 1
-1 1 0 1 1 0 0 1
-1 1 0 1
-1 1 0 1
+14 1
-15 1 0 1
-1 1 0 1
-1 1 0 1 1 0 0 1
-1 1 0 1
+18 2 0 1
1649 1 0 1 1 0 0 1
+2 2
+8 1 1 0 1 0 0 1
fi=(109)
108 2 0 1
fe=(85)
1659 1
fi=(109)
108 1
fe=(85)
1659 1 0 1
fi=(109)
108 2 0 2
cfi=(86)
cfn=(348)
calls=1 -84 
* 20 2
fe=(85)
1663 1 1
-4 1 0 1
+4 11 3 3 1 0 0 1
cfi=(87)
cfn=(350)
calls=1 1287 
* 211 48 30 16 0 0 16
* 13 3 0 1 0 0 1
+2 3 1
-34 52 15 15 5 0 0 5
cfi=(88)
cfn=(352)
calls=1 1257 
* 1649 359 225 96 21 15 96 5 3
* 22 5 2 3 0 0 3

fl=(102)
fn=(402)
145 3 0 2 1 0 0 1
+1 4 2
+18 4 3 0 1 0 0 1

fl=(86)
fn=(348)
24 2 0 0 1 0 0 1
+1 2
+1 2
+1 2
+1 2
+1 2
+1 2
+1 2 0 0 1 0 0 1
+1 2 2 0 0 1
+1 2
+1 2
+1 2
+1 2
+1 2
+1 2
+1 2
+1 2
+1 2
+2 2
+7 2 2

fl=(64)
fn=(248)
33 3 2 0 1 0 0 1
+1 1 1

fl=(70) /build/glibc-bfm8X4/glibc-2.23/setjmp/../sysdeps/x86_64/bsd-_setjmp.S
fn=(286) _setjmp
30 1 0 0 1 0 0 1
+2 1
cfi=(71)
cfn=(288)
calls=1 -6 
* 28 6 10 3 0 0 3

fl=(90)
fn=(358)
37 1 0 0 1 0 0 1
-4 1
+4 2 0 1
+1 1
+9 2 0 0 1 0 0 1
+9 1
-18 3
+18 1
-18 1 0 1
+9 1 0 1
+9 1
+47 2 0 0 1 0 0 1
+4 1
-4 1 0 1
+4 1 1

fl=(75)
fn=(304)
258 6 0 5 1 0 0 1
+13 1 1
-8 1 0 1
+8 1 0 0 1 0 0 1
+6 3 1 1 0 1 1
+2 5 2 0 0 2
+16 2 0 0 1 0 0 1
-56 65
-18 198 66 0 0 9
+2 130 65 0 0 32
+1 2 1
+1 2 1
340 2 0 0 1 0 0 1
+6 2 2 0 0 1 0 0 1
+1 2
+2 1 0 1 0 0 1
+1 7 6
-78 5 0 1 2 0 0 2
cfi=(76) /build/glibc-bfm8X4/glibc-2.23/elf/dl-addr.c
cfn=(306) _dl_addr
calls=1 126 
* 57669 14083 135 19 1037 9 18 873
* 2
+1 4 2

fl=(79) /build/glibc-bfm8X4/glibc-2.23/misc/sbrk.c
fn=(324) sbrk
34 2 0 2 1 0 0 1
+8 2 2 0 0 1
-8 6 0 4
+8 9 3 0 0 2 0 0 1
+4 4
+4 6
+12 5 4
-19 2 0 1 1 0 0 1
cfi=(80) /build/glibc-bfm8X4/glibc-2.23/misc/../sysdeps/unix/sysv/linux/x86_64/brk.c
cfn=(326) brk
calls=1 -12 
* 12 2 1 1 0 0 1
* 4 1
+15 2 0 1
cfi=(80)
cfn=(326)
calls=1 -27 
* 12 2 1
* 2
+4 5 4 0 1 0 0 1

fl=(72)
fn=(290)
28 1
+1 1
-1 2 0 1
+1 2 0 1
+5 3 2

fl=(68)
fn=(266)
134 7 0 5 1 0 0 1
+4 1 1
-4 3 0 3
+4 3
+82 1 0 0 1 0 0 1
-82 1 0 1
+82 1
+1 4 0 1
cfi=(69)
cfn=(268)
calls=1 57 
* 60 13 16 9 3 2 9 1 2
+22 4 2
+3 2
+1 5 4 1
cob=(5)
cfi=(65)
cfn=(272) __libc_csu_init
calls=1 0 
* 56 13 9 7 1 0 6
+4 4 2 0 1 0 0 1
+15 2
+12 2 0 1
cfi=(70)
cfn=(286)
calls=1 30 
* 30 6 10 4 0 0 4
+1 2
+5 2 1 1 0 1
+1 2 1 1 0 1
+3 2 0 1
+3 6 5 1
cob=(5)
cfi=(65)
cfn=(292) main
calls=1 0 
* 69670586 29206634 6597546 253 6149 2359 252 893 2024
+34 2 0 1
cfi=(101)
cfn=(398)
calls=1 104 
* 900 248 145 65 36 4 62 4
138 2 0 0 1 0 0 1

fl=(80)
fn=(326)
31 16 2 2 1 0 0 1
+8 2
-6 4
+7 2 2

fl=(60) /build/glibc-bfm8X4/glibc-2.23/string/../sysdeps/x86_64/strrchr.S
fn=(236) rindex
24 1 0 0 1 0 0 1
+1 1
+1 1
+1 1
+1 1
+1 1
+1 1
+1 1
+1 1 1 0 0 1
+1 1
+1 1
+1 1
+1 1
+1 1
+1 1 0 0 1 0 0 1
+1 1
+1 1
+1 1
+1 1
+1 1
+1 1
+1 1
+1 1
+1 1 1

fl=(56)
fn=(228)
52 8 0 4 1 0 0 1
+6 3 1 0 1 0 0 1
+14 1 1 0 0 1
fi=(58) /build/glibc-bfm8X4/glibc-2.23/csu/../sysdeps/unix/sysv/linux/x86_64/init-first.c
-36 1
fe=(56)
+34 1 0 1 0 0 1 0 0 1
+1 1 0 1 0 0 1 0 0 1
fi=(58)
-35 3 0 2 1 0 0 1
fe=(56)
+36 1 0 1 0 0 1 0 0 1
fi=(58)
-36 3 0 1
fi=(57) /build/glibc-bfm8X4/glibc-2.23/csu/../sysdeps/generic/dl-hash.h
+12 3
+14 4
-17 3 1
+3 9
+14 12
-17 9 3
fi=(58)
-9 3 0 0 1 0 0 1
+2 2
-2 1 0 1
+2 2 0 1
cfi=(49)
cfn=(184)
calls=1 -11 
* 6 3
+1 2
+5 2
-3 2 1 0 1 0 0 1
+1 1 0 1
+2 1 0 1
cfi=(49)
cfn=(184)
calls=1 -17 
* 6 3
fe=(56)
+42 3
fi=(58)
-41 2 1
+1 1 0 1
fe=(56)
+40 1 0 1
cfi=(59) /build/glibc-bfm8X4/glibc-2.23/misc/init-misc.c
cfn=(234) __init_misc
calls=1 -55 
* 48 9 5 4 3 0 4
+8 1 0 1
cfi=(61)
cfn=(238)
calls=1 -63 
* 16 10 3 2 3 0 2
+5 6 5
-34 1 1 0 1 0 0 1
-7 1 0 1 0 0 1 0 0 1
+7 4 3
fi=(58)
-25 2 0 0 1 0 0 1
fe=(56)

fl=(53)
fn=(198)
0 11 3 0 2 0 0 2

fl=(104) /build/glibc-bfm8X4/glibc-2.23/stdlib/cxa_finalize.c
fn=(426) __cxa_finalize
31 4 0 4
+17 1
-17 4 0 2
+4 4 1
+4 6 1 0 1 0 0 1
-4 3 1 0 1 0 0 1
+32 4 1 0 0 1
+4 6 1 0 0 1
-4 3 1 0 1 0 0 1
+12 2
+3 1
-2 1
+2 6 6 0 1 0 0 1
-2 1
cfi=(105) /build/glibc-bfm8X4/glibc-2.23/nptl/unregister-atfork.c
cfn=(428) __unregister_atfork
calls=1 -52 
* 10 4 2 2 0 0 2

fl=(84)
fn=(344)
28 16 0 13 2 0 1 2
+4 1
+1 2
-1 5 0 4 1 0 0 1
+1 3 2 1 0 2
cfi=(85)
cfn=(346)
calls=1 1236 
* 2172 478 329 146 34 20 146 8 3
+4 2 1

fl=(81)
fn=(332)
25 2 0 0 1 0 0 1
+9 6 0 2 0 0 1
cfi=(82)
cfn=(334)
calls=2 +59 
* 40 12 6 3 3 0 3
* 6
+3 18 4 0 1 0 0 1
+2 6 2

fl=(83)
fn=(336)
65 4 0 0 1 0 0 1
+1 2 2

fl=(91)
fn=(360)
29 1 0 0 1 0 0 1
+1 1
+2 1
+1 1
+1 1 0 0 1 0 0 1
+12 1
+1 1
+1 1 1
+1 1
+1 1
+1 1
+1 1
+6 1 0 0 1 0 0 1
+1 1 0 1
+1 1 1

fl=(49)
fn=(184)
27 8 8 0 1 1 0 1
+4 8
-3 8 4 0 1 0 0 1

fl=(105)
fn=(428)
28 4 0 2 1 0 0 1
+8 1 1
+3 2 0 0 1 0 0 1
+82 3 3

fl=(76)
fn=(306)
126 9 0 6 1 0 0 1
+5 1 1
-5 2 0 2
+5 2 1 1 1 0 0 1
cob=(1)
cfi=(2)
cfn=(50)
calls=1 704 
* 2 1 1 0 0 1
+2 2 0 1
cob=(1)
cfi=(66)
cfn=(261)
calls=1 -69 
* 1190 321 114 8 7 4 7 2
* 5 3 2 2 0 0 2
+2 2
30 1 1
+1 1 1
-1 1 0 1
+1 1 0 1
+3 2 1
+5 1 1
+6 1 1 0 0 1
-7 1 1 0 1 0 0 1
+2 2 2
+2 1 1
-2 1 0 1
+2 1 1
+3 1
+5 8 2
+2 1 1 0 1 1 0 1 1
+1 2
-1 1010 1010 0 0 59 0 0 21
+1 2020
+2 3628 907
+9 2010 646 0 0 78 0 0 70
+7 24
-2 24
+2 2259 24
-2 2211
+2 5750 2211 0 0 134 0 0 84
-10 11175 2235 0 1 480 0 1 440
+2 8940 2235
+1 14318 4464 0 0 275 0 0 255
+7 1011 0 0 1 0 0 1
-21 2022
+49 3 1 0 1 1 0 1
+1 1 0 1 0 0 1
+1 3 1
+3 2
+37 2 1 1 1 1 1 1
cob=(1)
cfi=(2)
cfn=(52)
calls=1 710 
* 2 1 1 0 0 1
+3 9 7
-28 1 0 1 1 0 1 1
+1 1 0 1
+21 2

fl=(97)
fn=(378)
395 2 1 0 1 0 0 1
-1 3 0 3
+3 4 1
+1 3 2 1 1 1 1 1
cfi=(98)
cfn=(380)
calls=1 95 
* 265 46 41 11 10 6 11 0 3
* 2
+3 4 4

fn=(388)
380 3 0 1 1 0 0 1
+1 4 2
+3 1 0 1
+2 4
-3 1 0 1
+3 2 0 1
+3 3 2

fn=(440)
948 2 0 2 1 0 0 1
+3 1
-3 2 0 2
-50 1 1
+50 1
+3 1 0 1
cfn=(442) _IO_flush_all_lockp
calls=1 760 
* 90 25 12 9 7 0 9 3
-63 1 1
+63 1
-63 2
+10 3 1 2 1 0 0 1
+8 5 2
+2 2 0 1
+2 1 1
+1 1 0 1
-1 1 0 1 1 0 0 1
+2 2 1 1
+3 5 2 1
cfi=(87)
cfn=(444)
calls=1 450 
* 66 17 24 9 0 0 9
+2 3 1
+4 2
+7 3 0 3
-40 9 3
+2 6 3 0 1 1 0 1
+2 7 2
+6 12 3 1 1 0 0 1
+65 7 5
-42 3 1 0 1 0 0 1
+1 8 1 3 1 0 0 1

fn=(446)
522 4 0 3 1 0 0 1
+1 1 1
-1 2 0 0 1 0 0 1
+1 1 1 1
cfi=(87)
cfn=(448)
calls=1 868 
* 13 6 2 3 0 0 3
* 2
+9 1 1
-7 1
+7 1
-7 1
388 1
-5 1 0 1
+1 1 0 1
+4 1 0 1 1 0 0 1
535 1 0 1
+2 1
-2 2 0 2
+1 3 0 3
+2 4 4
381 1 1 0 1 0 0 1
527 1
+1 1
-1 1 0 1
+1 1
381 4

fn=(374)
230 24 8 0 1 0 0 1
+2 24 16 0 1 1 0 1
cfi=(87)
cfn=(376)
calls=8 808 
* 575 130 96 20 11 7 20 0 3

fn=(442)
760 8 0 6 1 0 0 1
+6 3 0 0 1 0 0 1
+11 2 1
+16 2
-17 2
-1 2 0 2
+1 3 0 0 1 0 0 1
-1 1 0 1
+1 1
+3 9 3 0 1 1 0 1
+10 6 0 0 1 0 0 1
+4 3 3 0 1 0 0 1
-2 3 0 3 1 0 0 1
+2 6
+7 3 3 0 0 2
-27 6
+31 2
+2 2
+4 9 7
-38 1 1 0 1 1 0 1
-6 1
+5 1 1 0 0 1 0 0 1
+2 2
+6 12 6 0 1 2 0 1 2

fl=(78)
fn=(322)
46 2 0 0 1 0 0 1
+1 2 0 2
cfi=(79)
cfn=(324)
calls=2 -13 
* 73 18 10 4 3 0 4 1
+1 6
+4 4 2

fl=(59)
fn=(234)
31 2 0 0 1 0 0 1
-1 3 0 2
+1 4 1
+2 3 0 1
cfi=(60)
cfn=(236)
calls=1 -9 
* 24 2 0 2 1 0 2
+4 5 1 1 1 1 0 1
+1 3 2 1 0 1
+2 4 3

fl=(50)
fn=(190)
45 1 1 0 1 0 0 1
+1 1
+1 1 1 0 1 0 0 1
+1 1
+1 1
+1 1 1

fn=(186)
45 1 1 0 1 0 0 1
+1 1
+1 1 1 0 0 1
+1 1
+1 1
+1 1 1

ob=(4)
fl=(55)
fn=(220)
0 17 3 1 3 0 0 3

fn=(418)
0 8 3 2 1 2
cob=(2)
cfi=(16)
cfn=(424) 0x0000000004a28570
calls=1 0 
0 57 17 8 7 2 0 6
0 1 0 1
cfn=(432) 0x0000000000000580
calls=1 0 
0 9 2 1 1 0 0 1
0 3 2 1 1

fn=(432)
0 9 2 1 1 0 0 1

ob=(2)
fl=(16)
fn=(84)
0 1 1
cob=(1)
cfi=(17)
cfn=(86)
calls=1 120 
0 6 3 1 1 0 0 1

fn=(216)
0 6 2 0 2 0 0 1

fn=(424)
0 1 1 0 1
cob=(3)
cfi=(104)
cfn=(426)
calls=1 31 
0 56 16 8 6 2 0 6

fn=(438)
0 3 1 0 2 0 0 2

fn=(274) 0x0000000000400438
0 6 2 0 1

fn=(386)
0 1 1 0 1 0 0 1
cob=(3)
cfi=(73)
cfn=(298)
calls=1 2902 
0 184 29 30 3 9 5 3 0 3

fn=(416)
0 3 1

ob=(5)
fl=(65)
fn=(272)
0 15 0 7 2 0 0 2
cob=(2)
cfi=(16)
cfn=(274)
calls=1 0 
0 6 2 0 1
0 8 1 1 0 1
cfn=(278) 0x0000000000400590
calls=1 0 
0 16 3 1 3 0 0 3
0 11 7 0 1 0 0 1

fn=(338) min
0 11935350 5525625 3315375

fn=(292)
0 17 4 8 2 0 0 2
cob=(1)
cfi=(66)
cfn=(261)
calls=1 64 
0 60046 14569 578 77 1096 48 76 879 34
0 5 3 2
0 1005 301 102 0 0 1
cob=(3)
cfi=(73)
cfn=(298)
calls=100 2902 
0 18600 2900 3000 4 0 100 4 0 100
0 100 100 0 0 1
0 508 203 201 1 0 11 1 0 11
cob=(3)
cfi=(73)
cfn=(298)
calls=1 2902 
0 183 28 30 0 0 1 0 0 1
0 1 1
0 1005 301 102
cob=(3)
cfi=(73)
cfn=(298)
calls=100 2902 
0 18600 2900 3000 0 0 100 0 0 100
0 100 100
0 508 203 201 2 0 12 2 0 12
cob=(3)
cfi=(73)
cfn=(298)
calls=1 2902 
0 183 28 30 0 0 1 0 0 1
0 1 1
0 1005 301 102
cob=(3)
cfi=(73)
cfn=(298)
calls=100 2902 
0 18600 2900 3000 0 0 100 0 0 100
0 100 100
0 453219 181408 60804 5 34 1929 5 0 1662
cob=(1)
cfi=(66)
cfn=(261)
calls=1 64 
0 861 253 109 5 49 17 5 2
0 5 3 2 0 1
0 54157938 22052625 3052657 2 4880 0 2
cfn=(338)
calls=1000000 0 
0 10800000 5000000 3000000
0 350000 150000 50000 1 0 0 1
cfn=(338)
calls=50000 0 
0 540000 250000 150000
0 2500000 1200000 100000
cfn=(338)
calls=50000 0 
0 540000 250000 150000
0 17500 7500 2500
cfn=(338)
calls=2500 0 
0 27000 12500 7500
0 125000 60000 5000
cfn=(338)
calls=2500 0 
0 27000 12500 7500
0 875 375 125 1 0 0 1
cfn=(338)
calls=125 0 
0 1350 625 375
0 6119 3152 156 2 0 0 2
cob=(3)
cfi=(81)
cfn=(332)
calls=1 25 
0 39 9 4 0 2 1
0 1 1 0 0 1
0 14 5 4 0 1 1 0 1
cob=(1)
cfi=(66)
cfn=(261)
calls=1 64 
0 3088 729 452 151 84 37 151 11 3
0 5 3 2
0 5 3

fn=(410) 0x00000000004004f0
0 8 2 1

fn=(252)
0 11 1 3 1 0 0 1
cob=(1)
cfi=(66)
cfn=(260)
calls=1 64 
0 69672641 29207189 6597848 355 6194 2367 350 900 2026
0 5 3 2 2 0 0 2

fn=(278)
0 16 3 1 3 0 0 3

fn=(406)
0 5 1 2 0 1 0 0 1
cfn=(410)
calls=1 0 
0 8 2 1
0 3 2 1

totals: 69762268 29230255 6608416 1022 7381 2868 1009 1942 2505
